terrain,env_id,episode,start_x_offset_m,start_y_offset_m,start_yaw_deg,overall_success,survival_success,progress_success,tracking_success,direction_success,termination_reason,duration_s,forward_progress_m,ideal_distance_m,progress_ratio,lateral_drift_m,peak_lateral_drift_m,gate_lateral_drift_m,velocity_mae_mps,mean_reward_per_step,traversal_success,gate_speed_mps,speed_drop_ratio,head_contact_count,head_contact_peak_n,head_contact_first_s,roll_abs_p95_deg,pitch_abs_p95_deg,surface_relative_pitch_abs_p95_deg,forward_velocity_rmse_mps,lateral_velocity_rms_mps,joint_torque_rms_nm,action_delta_rms,foot_slip_distance_proxy_m,foot_peak_force_n,foot_impulse_proxy_ns,foot_contact_time_s,foot_contact_events,thigh_peak_force_n,thigh_impulse_proxy_ns,thigh_contact_time_s,thigh_contact_events,calf_peak_force_n,calf_impulse_proxy_ns,calf_contact_time_s,calf_contact_events,base_peak_force_n,base_impulse_proxy_ns,base_contact_time_s,base_contact_events,terrain_relief_scan_m,terrain_relief_underfoot_m,terrain_engagement_ratio,episode_id,eval_spec_version,policy_sha256,seed,run_id
gap,34,1,0.0926,0.0105,0.597,False,False,False,False,False,base_contact,1.42,0.5619,6.0,0.0937,0.1169,0.1286,,0.3089,0.015549,False,,,8,1542.701,0.86,38.599,43.744,43.744,0.301,0.2545,7.741,0.84719,1.4999,236.829,114.8615,1.34,2,86.985,15.7041,0.3,3,212.409,10.3747,0.08,1,1542.701,50.7424,0.16,3,0.0,0.0,,gap_s2_d0.50_v0.5_e001,2,20969d4257e2c6cafb45167f1c374f74ffa8eb7245d3ec03c4253c0dc3a78ce4,42,v0.5
gap,38,1,0.0996,0.0067,-2.951,False,False,False,False,False,base_contact,2.56,0.8553,6.0,0.1425,0.0278,0.1717,,0.6418,-0.01372,False,,-0.5275,2,782.436,0.96,178.582,69.932,69.932,0.9041,0.4584,8.953,1.17286,2.0666,440.851,210.4197,2.14,7,647.941,36.8269,0.3,7,680.098,64.6067,0.42,7,782.436,20.4692,0.04,2,0.0,0.0,,gap_s2_d0.50_v0.5_e001,2,20969d4257e2c6cafb45167f1c374f74ffa8eb7245d3ec03c4253c0dc3a78ce4,42,v0.5
stepping_stones,25,1,0.0418,-0.0453,-2.004,False,False,False,True,False,base_contact,2.66,0.9719,6.0,0.162,0.0234,0.0585,,0.1457,0.034473,False,,0.3724,21,783.082,2.16,14.041,17.777,33.767,0.1815,0.0597,5.401,0.29234,1.2895,322.777,183.7054,2.5,1,99.384,6.8492,0.12,2,201.92,19.0442,0.48,7,783.082,41.4444,0.42,1,1.042,0.01,0.0096,stepping_stones_s2_d0.50_v0.5_e001,2,20969d4257e2c6cafb45167f1c374f74ffa8eb7245d3ec03c4253c0dc3a78ce4,42,v0.5
stepping_stones,24,1,0.0375,-0.058,-3.786,False,False,False,True,False,base_contact,2.76,0.9779,6.0,0.163,0.0395,0.0785,,0.1542,0.035136,False,,0.3798,32,232.379,2.1,16.281,20.439,34.304,0.1855,0.0603,5.06,0.29473,1.2351,357.942,183.0635,2.62,1,37.35,2.674,0.1,1,101.591,14.4557,0.38,6,232.379,39.679,0.64,2,1.0475,0.01,0.0096,stepping_stones_s2_d0.50_v0.5_e001,2,20969d4257e2c6cafb45167f1c374f74ffa8eb7245d3ec03c4253c0dc3a78ce4,42,v0.5
stepping_stones,26,1,0.0949,-0.0268,2.054,False,False,False,False,False,base_contact,4.38,1.0591,6.0,0.1765,0.5343,0.5343,,0.2815,0.026194,False,,-0.0735,21,551.156,3.96,46.57,8.235,26.402,0.27,0.1746,6.45,0.41299,3.1037,274.138,322.8943,4.22,1,541.631,29.9193,0.46,6,397.369,54.8496,1.22,6,551.156,51.7981,0.42,1,1.115,1.01,0.9058,stepping_stones_s2_d0.50_v0.5_e001,2,20969d4257e2c6cafb45167f1c374f74ffa8eb7245d3ec03c4253c0dc3a78ce4,42,v0.5
stepping_stones,20,1,-0.0559,-0.0939,2.352,False,False,False,False,False,base_contact,5.86,1.9267,6.0,0.3211,0.1962,0.207,,0.2574,0.023853,False,,-1.2051,7,1603.835,4.8,61.879,13.525,22.141,0.3467,0.1239,6.977,0.36743,3.2495,373.878,395.5056,5.48,4,590.066,106.7637,0.84,3,291.416,101.9587,1.9,11,1603.835,35.0062,0.14,2,1.11,1.01,0.9099,stepping_stones_s2_d0.50_v0.5_e001,2,20969d4257e2c6cafb45167f1c374f74ffa8eb7245d3ec03c4253c0dc3a78ce4,42,v0.5
stepping_stones,25,2,-0.0839,-0.0671,0.509,False,False,False,True,False,base_contact,5.5,2.2672,6.0,0.3779,0.4299,0.4299,,0.1554,0.031834,False,,0.4172,0,0.0,,12.582,9.522,22.823,0.1575,0.1003,6.012,0.39139,3.1309,295.201,387.016,5.22,4,142.174,16.8013,0.3,6,390.915,134.3565,2.16,12,32.749,0.655,0.02,1,1.11,1.0023,0.903,stepping_stones_s2_d0.50_v0.5_e002,2,20969d4257e2c6cafb45167f1c374f74ffa8eb7245d3ec03c4253c0dc3a78ce4,42,v0.5
stepping_stones,26,2,0.0369,0.0158,-2.773,False,False,False,True,False,base_contact,4.42,1.8404,6.0,0.3067,0.3429,0.3429,,0.1849,0.031047,False,,0.0567,6,1271.204,0.0,11.431,6.351,24.654,0.1791,0.1339,5.855,0.39146,2.5948,344.327,350.7749,4.26,3,106.427,6.0805,0.08,4,188.437,53.2871,1.08,9,1271.204,35.6444,0.12,2,1.11,1.01,0.9099,stepping_stones_s2_d0.50_v0.5_e002,2,20969d4257e2c6cafb45167f1c374f74ffa8eb7245d3ec03c4253c0dc3a78ce4,42,v0.5
discrete_obstacles,0,1,-0.0482,-0.0982,2.141,True,True,True,True,True,timeout,12.0001,5.4789,6.0,0.9131,0.4375,0.4376,0.1418,0.0794,0.040983,True,0.4587,0.7161,0,0.0,,3.299,6.459,7.073,0.0747,0.0663,4.724,0.2213,7.6161,289.262,830.2612,11.86,1,0.0,0.0,0.0,0,0.0,0.0,0.0,0,0.0,0.0,0.0,0,0.21,0.05,0.2381,discrete_obstacles_s2_d0.50_v0.5_e001,2,20969d4257e2c6cafb45167f1c374f74ffa8eb7245d3ec03c4253c0dc3a78ce4,42,v0.5
discrete_obstacles,1,1,-0.0972,0.0819,1.495,True,True,True,True,True,timeout,12.0001,5.4663,6.0,0.911,0.3849,0.3849,0.1368,0.0786,0.041217,True,0.4995,0.8212,0,0.0,,3.102,3.411,4.312,0.074,0.0663,4.662,0.21969,7.8095,296.966,823.8375,11.86,1,0.0,0.0,0.0,0,0.0,0.0,0.0,0,0.0,0.0,0.0,0,0.21,0.05,0.2381,discrete_obstacles_s2_d0.50_v0.5_e001,2,20969d4257e2c6cafb45167f1c374f74ffa8eb7245d3ec03c4253c0dc3a78ce4,42,v0.5
discrete_obstacles,2,1,0.0134,-0.0855,-0.334,True,True,True,True,True,timeout,12.0001,5.4798,6.0,0.9133,0.2784,0.2786,0.1166,0.0791,0.041045,True,0.4604,0.7248,0,0.0,,4.098,8.492,9.413,0.076,0.0645,4.773,0.22543,7.1904,283.036,829.248,11.84,1,0.0,0.0,0.0,0,0.0,0.0,0.0,0,0.0,0.0,0.0,0,0.155,0.05,0.3226,discrete_obstacles_s2_d0.50_v0.5_e001,2,20969d4257e2c6cafb45167f1c374f74ffa8eb7245d3ec03c4253c0dc3a78ce4,42,v0.5
discrete_obstacles,3,1,-0.0425,-0.0915,0.928,True,True,True,True,True,timeout,12.0001,5.4902,6.0,0.915,0.0636,0.0682,0.0071,0.0787,0.040914,True,0.4466,0.7647,0,0.0,,4.152,8.732,9.75,0.0758,0.0631,4.774,0.22499,7.5332,293.854,827.1044,11.86,1,0.0,0.0,0.0,0,0.0,0.0,0.0,0,0.0,0.0,0.0,0,0.155,0.05,0.3226,discrete_obstacles_s2_d0.50_v0.5_e001,2,20969d4257e2c6cafb45167f1c374f74ffa8eb7245d3ec03c4253c0dc3a78ce4,42,v0.5
discrete_obstacles,4,1,-0.0212,0.0535,0.31,True,True,True,True,True,timeout,12.0001,5.4791,6.0,0.9132,0.3467,0.3473,0.1595,0.0788,0.041237,True,0.4804,0.8399,0,0.0,,3.23,4.559,5.108,0.0734,0.0665,4.653,0.21717,7.2084,293.65,822.8885,11.86,1,0.0,0.0,0.0,0,0.0,0.0,0.0,0,0.0,0.0,0.0,0,0.21,0.05,0.2381,discrete_obstacles_s2_d0.50_v0.5_e001,2,20969d4257e2c6cafb45167f1c374f74ffa8eb7245d3ec03c4253c0dc3a78ce4,42,v0.5
discrete_obstacles,5,1,0.0387,-0.0211,2.933,True,True,True,True,True,timeout,12.0001,5.4127,6.0,0.9021,0.672,0.672,0.2501,0.0809,0.041277,True,0.4494,0.7906,0,0.0,,3.385,3.716,4.895,0.0749,0.0676,4.699,0.22412,7.438,339.069,820.3421,11.84,1,0.0,0.0,0.0,0,0.0,0.0,0.0,0,0.0,0.0,0.0,0,0.21,0.05,0.2381,discrete_obstacles_s2_d0.50_v0.5_e001,2,20969d4257e2c6cafb45167f1c374f74ffa8eb7245d3ec03c4253c0dc3a78ce4,42,v0.5
discrete_obstacles,6,1,-0.0888,-0.0358,3.028,True,True,True,True,True,timeout,12.0001,5.4678,6.0,0.9113,0.3623,0.3623,0.1243,0.0809,0.040958,True,0.4618,0.7919,0,0.0,,3.247,4.979,5.389,0.0745,0.0667,4.665,0.21641,7.4133,257.299,827.3635,11.86,1,0.0,0.0,0.0,0,0.0,0.0,0.0,0,0.0,0.0,0.0,0,0.21,0.05,0.2381,discrete_obstacles_s2_d0.50_v0.5_e001,2,20969d4257e2c6cafb45167f1c374f74ffa8eb7245d3ec03c4253c0dc3a78ce4,42,v0.5
discrete_obstacles,7,1,-0.0509,-0.021,4.102,True,True,True,True,True,timeout,12.0001,5.4629,6.0,0.9105,0.3751,0.3751,0.1601,0.0797,0.041327,True,0.4719,0.8423,0,0.0,,2.839,5.793,6.08,0.0738,0.0675,4.686,0.22273,7.4318,346.574,811.6936,11.84,1,0.0,0.0,0.0,0,0.0,0.0,0.0,0,0.0,0.0,0.0,0,0.21,0.05,0.2381,discrete_obstacles_s2_d0.50_v0.5_e001,2,20969d4257e2c6cafb45167f1c374f74ffa8eb7245d3ec03c4253c0dc3a78ce4,42,v0.5
discrete_obstacles,8,1,-0.0752,0.0951,-2.611,True,True,True,True,True,timeout,12.0001,5.4675,6.0,0.9113,0.4062,0.4062,0.1411,0.0811,0.041118,True,0.476,0.8415,0,0.0,,3.108,4.882,5.462,0.0743,0.0672,4.692,0.21813,8.1377,284.089,821.9556,11.86,1,0.0,0.0,0.0,0,0.0,0.0,0.0,0,0.0,0.0,0.0,0,0.21,0.05,0.2381,discrete_obstacles_s2_d0.50_v0.5_e001,2,20969d4257e2c6cafb45167f1c374f74ffa8eb7245d3ec03c4253c0dc3a78ce4,42,v0.5
discrete_obstacles,9,1,-0.0954,0.052,3.149,True,True,True,True,True,timeout,12.0001,5.4745,6.0,0.9124,0.2629,0.2629,0.1085,0.078,0.041285,True,0.4886,0.8237,0,0.0,,3.01,4.572,5.075,0.0738,0.0655,4.658,0.21862,7.4127,333.189,811.647,11.84,1,0.0,0.0,0.0,0,0.0,0.0,0.0,0,0.0,0.0,0.0,0,0.21,0.05,0.2381,discrete_obstacles_s2_d0.50_v0.5_e001,2,20969d4257e2c6cafb45167f1c374f74ffa8eb7245d3ec03c4253c0dc3a78ce4,42,v0.5
wave,10,1,-0.0878,-0.0985,-0.762,True,True,True,True,True,timeout,12.0001,5.4617,6.0,0.9103,0.4427,0.4438,0.1366,0.0793,0.041621,True,0.4983,-0.0815,0,0.0,,4.073,6.714,9.26,0.0731,0.0673,4.661,0.20885,6.9506,344.947,836.2899,11.9,1,0.0,0.0,0.0,0,0.0,0.0,0.0,0,0.0,0.0,0.0,0,0.1302,0.0736,0.565,wave_s2_d0.50_v0.5_e001,2,20969d4257e2c6cafb45167f1c374f74ffa8eb7245d3ec03c4253c0dc3a78ce4,42,v0.5
wave,11,1,-0.006,-0.0554,2.969,True,True,True,True,True,timeout,12.0001,5.5053,6.0,0.9175,0.3698,0.3702,0.099,0.0766,0.04175,True,0.4793,-0.0795,0,0.0,,3.763,6.512,9.054,0.071,0.0656,4.661,0.21254,7.7707,357.155,833.6535,11.9,1,0.0,0.0,0.0,0,0.0,0.0,0.0,0,0.0,0.0,0.0,0,0.1362,0.0771,0.5658,wave_s2_d0.50_v0.5_e001,2,20969d4257e2c6cafb45167f1c374f74ffa8eb7245d3ec03c4253c0dc3a78ce4,42,v0.5
wave,12,1,0.0648,0.0588,-0.183,True,True,True,True,True,timeout,12.0001,5.5089,6.0,0.9181,0.2807,0.2862,0.0648,0.0763,0.041835,True,0.4789,-0.0777,0,0.0,,3.608,6.373,8.784,0.0698,0.0654,4.664,0.21155,7.7654,343.934,827.6689,11.92,1,0.0,0.0,0.0,0,0.0,0.0,0.0,0,0.0,0.0,0.0,0,0.1236,0.0727,0.5877,wave_s2_d0.50_v0.5_e001,2,20969d4257e2c6cafb45167f1c374f74ffa8eb7245d3ec03c4253c0dc3a78ce4,42,v0.5
wave,13,1,-0.0086,0.0338,4.98,True,True,True,True,True,timeout,12.0001,5.5285,6.0,0.9214,0.4322,0.4358,0.1381,0.0777,0.041843,True,0.494,-0.0755,0,0.0,,3.773,6.268,9.037,0.0698,0.0682,4.612,0.21088,7.0782,348.802,833.1974,11.9,1,0.0,0.0,0.0,0,0.0,0.0,0.0,0,0.0,0.0,0.0,0,0.14,0.1037,0.741,wave_s2_d0.50_v0.5_e001,2,20969d4257e2c6cafb45167f1c374f74ffa8eb7245d3ec03c4253c0dc3a78ce4,42,v0.5
wave,14,1,0.0324,-0.0373,1.003,True,True,True,True,True,timeout,12.0001,5.4923,6.0,0.9154,0.3446,0.3465,0.0903,0.0779,0.041793,True,0.4716,-0.0699,0,0.0,,3.737,6.321,8.792,0.0707,0.0665,4.674,0.21194,7.6714,283.247,829.9897,11.92,1,0.0,0.0,0.0,0,0.0,0.0,0.0,0,0.0,0.0,0.0,0,0.1238,0.0728,0.5874,wave_s2_d0.50_v0.5_e001,2,20969d4257e2c6cafb45167f1c374f74ffa8eb7245d3ec03c4253c0dc3a78ce4,42,v0.5
wave,15,1,-0.0057,-0.082,3.619,True,True,True,True,True,timeout,12.0001,5.4953,6.0,0.9159,0.4064,0.4084,0.1138,0.0769,0.041812,True,0.4778,-0.0684,0,0.0,,3.857,6.639,9.137,0.0712,0.066,4.643,0.21053,7.5181,248.731,830.7427,11.9,1,0.0,0.0,0.0,0,0.0,0.0,0.0,0,0.0,0.0,0.0,0,0.1379,0.0781,0.5667,wave_s2_d0.50_v0.5_e001,2,20969d4257e2c6cafb45167f1c374f74ffa8eb7245d3ec03c4253c0dc3a78ce4,42,v0.5
wave,16,1,0.0841,-0.081,0.482,True,True,True,True,True,timeout,12.0001,5.4809,6.0,0.9135,0.3077,0.3085,0.0606,0.0775,0.041874,True,0.468,-0.0639,0,0.0,,3.727,6.731,9.187,0.071,0.0656,4.63,0.20707,7.5038,346.302,832.0009,11.92,1,0.0,0.0,0.0,0,0.0,0.0,0.0,0,0.0,0.0,0.0,0,0.1294,0.0731,0.5652,wave_s2_d0.50_v0.5_e001,2,20969d4257e2c6cafb45167f1c374f74ffa8eb7245d3ec03c4253c0dc3a78ce4,42,v0.5
wave,17,1,0.0288,0.0865,0.989,True,True,True,True,True,timeout,12.0001,5.5139,6.0,0.919,0.3729,0.3729,0.1163,0.0771,0.041782,True,0.5002,-0.0714,0,0.0,,3.52,6.327,8.941,0.0697,0.067,4.658,0.21351,7.3456,293.8,827.8279,11.9,1,0.0,0.0,0.0,0,0.0,0.0,0.0,0,0.0,0.0,0.0,0,0.1376,0.0797,0.5794,wave_s2_d0.50_v0.5_e001,2,20969d4257e2c6cafb45167f1c374f74ffa8eb7245d3ec03c4253c0dc3a78ce4,42,v0.5
wave,18,1,0.0306,0.0436,-1.574,True,True,True,True,True,timeout,12.0001,5.4995,6.0,0.9166,0.3147,0.3147,0.0616,0.0766,0.041788,True,0.4802,0.0,0,0.0,,3.695,6.307,8.785,0.0698,0.0663,4.681,0.21115,7.3963,256.532,828.8412,11.92,1,0.0,0.0,0.0,0,0.0,0.0,0.0,0,0.0,0.0,0.0,0,0.1218,0.0704,0.5777,wave_s2_d0.50_v0.5_e001,2,20969d4257e2c6cafb45167f1c374f74ffa8eb7245d3ec03c4253c0dc3a78ce4,42,v0.5
wave,19,1,-0.0607,0.0214,0.064,True,True,True,True,True,timeout,12.0001,5.4987,6.0,0.9165,0.4747,0.4776,0.1515,0.0773,0.041812,True,0.4885,-0.0875,0,0.0,,3.75,6.881,9.469,0.0704,0.0668,4.643,0.2102,7.6222,242.713,832.3373,11.9,1,0.0,0.0,0.0,0,0.0,0.0,0.0,0,0.0,0.0,0.0,0,0.1329,0.0764,0.5749,wave_s2_d0.50_v0.5_e001,2,20969d4257e2c6cafb45167f1c374f74ffa8eb7245d3ec03c4253c0dc3a78ce4,42,v0.5
stepping_stones,21,1,-0.0316,-0.0635,-1.239,False,True,False,False,False,timeout,12.0001,1.8541,6.0,0.309,0.2244,0.2721,,0.3736,0.027422,False,,-0.2521,122,1885.755,4.54,76.717,17.665,21.991,0.4127,0.0598,5.258,0.21382,3.0883,349.609,459.2681,11.76,3,189.762,122.9007,2.1,6,427.735,461.9035,8.98,9,1885.755,213.1682,2.44,1,1.11,1.0086,0.9087,stepping_stones_s2_d0.50_v0.5_e001,2,20969d4257e2c6cafb45167f1c374f74ffa8eb7245d3ec03c4253c0dc3a78ce4,42,v0.5
stepping_stones,22,1,-0.0073,-0.0262,-0.464,False,True,False,False,False,timeout,12.0001,1.9463,6.0,0.3244,0.2424,0.2428,,0.3689,0.028342,False,,-0.0324,376,2177.494,4.48,8.118,18.46,23.047,0.4103,0.0433,5.414,0.21038,3.0302,386.363,654.4246,11.84,1,410.021,11.2635,0.08,3,255.177,456.3814,8.78,12,2177.494,577.0283,7.52,1,1.11,1.0012,0.902,stepping_stones_s2_d0.50_v0.5_e001,2,20969d4257e2c6cafb45167f1c374f74ffa8eb7245d3ec03c4253c0dc3a78ce4,42,v0.5
stepping_stones,23,1,-0.0948,-0.0287,2.637,False,True,False,False,False,timeout,12.0001,1.8352,6.0,0.3059,0.0765,0.1339,,0.3669,0.024514,False,,-0.221,350,1094.654,5.0,60.498,7.437,19.624,0.4007,0.1072,9.351,0.27561,2.4976,369.63,782.8361,11.6,2,246.367,29.2581,0.28,3,232.054,906.8924,8.52,7,1094.654,171.5293,7.0,1,1.11,1.009,0.909,stepping_stones_s2_d0.50_v0.5_e001,2,20969d4257e2c6cafb45167f1c374f74ffa8eb7245d3ec03c4253c0dc3a78ce4,42,v0.5
stepping_stones,27,1,-0.0541,0.0775,3.76,False,True,False,False,False,timeout,12.0001,1.4295,6.0,0.2383,0.214,0.2141,,0.4008,0.026204,False,,-0.0179,424,1197.124,3.3,44.379,23.872,34.633,0.4272,0.0951,6.036,0.21974,2.0533,300.353,728.681,11.84,1,1657.302,1536.5422,8.6,4,381.966,896.8929,9.24,6,1197.124,1543.516,8.48,2,1.115,1.01,0.9058,stepping_stones_s2_d0.50_v0.5_e001,2,20969d4257e2c6cafb45167f1c374f74ffa8eb7245d3ec03c4253c0dc3a78ce4,42,v0.5
stepping_stones,28,1,-0.0018,0.0523,-3.162,False,True,False,False,False,timeout,12.0001,1.9186,6.0,0.3198,0.3095,0.3095,,0.3815,0.027259,False,,-0.0015,394,297.417,4.12,27.421,18.122,21.815,0.4176,0.0484,6.579,0.20535,2.3594,362.807,644.5527,11.84,1,246.66,40.6734,0.54,3,237.19,426.8315,9.02,8,297.417,440.3304,7.88,1,1.11,1.0046,0.905,stepping_stones_s2_d0.50_v0.5_e001,2,20969d4257e2c6cafb45167f1c374f74ffa8eb7245d3ec03c4253c0dc3a78ce4,42,v0.5
stepping_stones,29,1,0.0911,-0.0851,-3.269,False,True,False,False,False,timeout,12.0001,0.7815,6.0,0.1303,0.0821,0.0825,,0.4367,0.025277,False,,-0.0693,511,739.597,1.72,82.416,19.265,32.355,0.4554,0.0658,5.869,0.13161,1.2753,284.943,788.9946,11.84,1,1208.578,1848.7279,9.46,1,84.69,112.6686,9.42,5,739.597,769.296,10.22,2,1.0192,0.9982,0.9794,stepping_stones_s2_d0.50_v0.5_e001,2,20969d4257e2c6cafb45167f1c374f74ffa8eb7245d3ec03c4253c0dc3a78ce4,42,v0.5
gap,30,1,0.0578,-0.0344,1.918,True,True,True,True,True,timeout,12.0001,5.7633,6.0,0.9605,0.0854,0.1985,0.1838,0.0945,0.040284,True,0.4697,1.3354,0,0.0,,7.477,5.836,5.836,0.1027,0.0651,5.006,0.25215,7.1058,166.579,828.4199,11.94,1,0.88,0.0,0.0,0,379.737,47.2357,0.62,2,0.0,0.0,0.0,0,0.0,0.0,,gap_s2_d0.50_v0.5_e001,2,20969d4257e2c6cafb45167f1c374f74ffa8eb7245d3ec03c4253c0dc3a78ce4,42,v0.5
gap,31,1,-0.0179,0.0772,-2.577,True,True,True,True,True,timeout,12.0001,5.7711,6.0,0.9618,0.3767,0.3767,0.0738,0.0953,0.040389,True,0.446,1.654,0,0.0,,6.455,5.782,5.782,0.0985,0.0702,4.992,0.26127,7.3359,180.862,844.9926,11.94,1,0.0,0.0,0.0,0,329.953,36.7058,0.54,1,0.0,0.0,0.0,0,0.0,0.0,,gap_s2_d0.50_v0.5_e001,2,20969d4257e2c6cafb45167f1c374f74ffa8eb7245d3ec03c4253c0dc3a78ce4,42,v0.5
gap,32,1,-0.0712,0.0952,0.935,True,True,True,True,True,timeout,12.0001,5.5166,6.0,0.9194,0.7787,0.7787,0.3112,0.1157,0.03844,True,0.4353,1.4178,17,1063.687,0.68,9.145,40.615,40.615,0.1398,0.0651,5.212,0.33894,6.9575,171.288,849.8651,11.9,2,0.0,0.0,0.0,0,135.19,4.7192,0.08,4,1063.687,65.2945,0.34,6,0.0,0.0,,gap_s2_d0.50_v0.5_e001,2,20969d4257e2c6cafb45167f1c374f74ffa8eb7245d3ec03c4253c0dc3a78ce4,42,v0.5
gap,33,1,-0.0291,-0.0006,-4.273,True,True,True,True,True,timeout,12.0001,5.7706,6.0,0.9618,0.0701,0.1438,0.094,0.0888,0.040835,True,0.456,1.3559,0,0.0,,6.249,5.897,5.897,0.0895,0.064,4.898,0.25394,6.6145,214.382,845.7318,11.94,1,0.0,0.0,0.0,0,560.239,41.2038,0.6,3,0.0,0.0,0.0,0,0.0,0.0,,gap_s2_d0.50_v0.5_e001,2,20969d4257e2c6cafb45167f1c374f74ffa8eb7245d3ec03c4253c0dc3a78ce4,42,v0.5
gap,35,1,-0.0276,0.0124,2.253,True,True,True,True,True,timeout,12.0001,5.7172,6.0,0.9529,0.1834,0.309,0.2715,0.095,0.040076,True,0.428,1.5333,0,0.0,,6.884,8.66,8.66,0.0959,0.0714,5.027,0.27788,6.6883,192.632,849.6141,11.94,1,144.406,2.8881,0.02,1,722.464,48.2436,0.66,2,0.0,0.0,0.0,0,0.0,0.0,,gap_s2_d0.50_v0.5_e001,2,20969d4257e2c6cafb45167f1c374f74ffa8eb7245d3ec03c4253c0dc3a78ce4,42,v0.5
gap,36,1,-0.0449,0.065,0.329,True,True,True,True,True,timeout,12.0001,5.7868,6.0,0.9645,0.4731,0.4836,0.3487,0.0926,0.040459,True,0.4506,1.4434,0,0.0,,6.574,7.043,7.043,0.0927,0.0683,4.986,0.27229,7.2805,165.891,846.0394,11.94,1,0.0,0.0,0.0,0,649.75,51.1632,0.6,2,0.0,0.0,0.0,0,0.0,0.0,,gap_s2_d0.50_v0.5_e001,2,20969d4257e2c6cafb45167f1c374f74ffa8eb7245d3ec03c4253c0dc3a78ce4,42,v0.5
gap,37,1,-0.0443,-0.0242,3.834,True,True,True,True,True,timeout,12.0001,5.7904,6.0,0.9651,0.2466,0.299,0.2777,0.1003,0.039767,True,0.4294,1.5863,0,0.0,,7.737,10.217,10.217,0.1025,0.0752,4.992,0.27659,7.4852,151.775,857.7984,11.94,1,0.0,0.0,0.0,0,305.169,42.7686,0.68,2,0.0,0.0,0.0,0,0.0,0.0,,gap_s2_d0.50_v0.5_e001,2,20969d4257e2c6cafb45167f1c374f74ffa8eb7245d3ec03c4253c0dc3a78ce4,42,v0.5
gap,39,1,-0.0237,-0.0302,-2.345,True,True,True,True,True,timeout,12.0001,5.7304,6.0,0.9551,0.0043,0.2034,0.1528,0.0945,0.040542,True,0.4322,1.5865,0,0.0,,6.3,7.123,7.123,0.0982,0.0689,5.04,0.26281,7.1903,155.122,837.3103,11.94,1,0.0,0.0,0.0,0,304.815,52.0271,0.72,2,0.0,0.0,0.0,0,0.0,0.0,,gap_s2_d0.50_v0.5_e001,2,20969d4257e2c6cafb45167f1c374f74ffa8eb7245d3ec03c4253c0dc3a78ce4,42,v0.5
pit,40,1,-0.0023,-0.0609,-2.722,True,True,True,True,True,timeout,12.0001,5.6403,6.0,0.9401,0.2716,0.2815,0.1798,0.0788,0.041763,True,0.4655,0.8501,0,0.0,,7.32,14.94,24.571,0.0692,0.0629,4.746,0.23453,7.0619,107.0,829.5476,11.96,1,0.0,0.0,0.0,0,0.0,0.0,0.0,0,0.0,0.0,0.0,0,0.2,0.2,1.0,pit_s2_d0.50_v0.5_e001,2,20969d4257e2c6cafb45167f1c374f74ffa8eb7245d3ec03c4253c0dc3a78ce4,42,v0.5
pit,41,1,0.0799,0.0657,0.183,True,True,True,True,True,timeout,12.0001,5.6399,6.0,0.94,0.0896,0.1114,0.1097,0.0784,0.041808,True,0.47,0.8464,0,0.0,,6.479,15.324,25.016,0.0702,0.0622,4.776,0.24598,7.0243,138.084,830.6282,11.94,1,0.0,0.0,0.0,0,96.554,1.9311,0.02,1,0.0,0.0,0.0,0,0.2,0.2,1.0,pit_s2_d0.50_v0.5_e001,2,20969d4257e2c6cafb45167f1c374f74ffa8eb7245d3ec03c4253c0dc3a78ce4,42,v0.5
pit,42,1,-0.0569,0.0337,-0.137,True,True,True,True,True,timeout,12.0001,5.6271,6.0,0.9379,0.1905,0.2012,0.1181,0.0792,0.041668,True,0.4709,0.846,0,0.0,,6.813,15.074,25.001,0.0678,0.0644,4.761,0.23237,7.1345,104.709,824.6708,11.96,1,0.0,0.0,0.0,0,0.0,0.0,0.0,0,0.0,0.0,0.0,0,0.2,0.2,1.0,pit_s2_d0.50_v0.5_e001,2,20969d4257e2c6cafb45167f1c374f74ffa8eb7245d3ec03c4253c0dc3a78ce4,42,v0.5
pit,43,1,0.0266,0.069,-4.341,True,True,True,True,True,timeout,12.0001,5.6478,6.0,0.9413,0.2103,0.2223,0.163,0.0786,0.041751,True,0.4673,0.8467,0,0.0,,7.205,15.01,24.782,0.0702,0.0622,4.746,0.23901,7.0172,114.971,832.2166,11.94,1,0.0,0.0,0.0,0,0.0,0.0,0.0,0,0.0,0.0,0.0,0,0.2,0.2,1.0,pit_s2_d0.50_v0.5_e001,2,20969d4257e2c6cafb45167f1c374f74ffa8eb7245d3ec03c4253c0dc3a78ce4,42,v0.5
pit,44,1,-0.0302,-0.0747,-1.754,True,True,True,True,True,timeout,12.0001,5.6307,6.0,0.9384,0.2307,0.2396,0.1567,0.0787,0.041881,True,0.4709,0.8468,0,0.0,,6.941,15.018,24.914,0.0694,0.0627,4.754,0.23426,7.1142,111.326,826.408,11.94,1,0.0,0.0,0.0,0,0.0,0.0,0.0,0,0.0,0.0,0.0,0,0.2,0.2,1.0,pit_s2_d0.50_v0.5_e001,2,20969d4257e2c6cafb45167f1c374f74ffa8eb7245d3ec03c4253c0dc3a78ce4,42,v0.5
pit,45,1,-0.0136,0.0319,2.806,True,True,True,True,True,timeout,12.0001,5.6373,6.0,0.9396,0.2395,0.2516,0.1584,0.0785,0.041788,True,0.4688,0.8469,0,0.0,,6.678,14.974,24.9,0.0693,0.0623,4.747,0.23645,6.9412,120.674,828.5319,11.94,1,0.0,0.0,0.0,0,574.001,11.48,0.02,1,0.0,0.0,0.0,0,0.2,0.2,1.0,pit_s2_d0.50_v0.5_e001,2,20969d4257e2c6cafb45167f1c374f74ffa8eb7245d3ec03c4253c0dc3a78ce4,42,v0.5
pit,46,1,-0.002,-0.0135,-4.996,True,True,True,True,True,timeout,12.0001,5.6352,6.0,0.9392,0.2374,0.2436,0.1588,0.0787,0.041692,True,0.4729,0.8497,0,0.0,,7.197,14.933,24.691,0.0686,0.0629,4.748,0.23486,7.0902,133.885,830.8372,11.96,1,0.0,0.0,0.0,0,0.0,0.0,0.0,0,0.0,0.0,0.0,0,0.2,0.2,1.0,pit_s2_d0.50_v0.5_e001,2,20969d4257e2c6cafb45167f1c374f74ffa8eb7245d3ec03c4253c0dc3a78ce4,42,v0.5
pit,47,1,0.0327,-0.0754,-4.043,True,True,True,True,True,timeout,12.0001,5.6453,6.0,0.9409,0.1945,0.2044,0.1517,0.0788,0.041825,True,0.4672,0.8424,0,0.0,,6.961,14.947,24.756,0.0695,0.0629,4.745,0.23951,7.0371,134.178,832.595,11.94,1,0.0,0.0,0.0,0,0.0,0.0,0.0,0,0.0,0.0,0.0,0,0.2,0.2,1.0,pit_s2_d0.50_v0.5_e001,2,20969d4257e2c6cafb45167f1c374f74ffa8eb7245d3ec03c4253c0dc3a78ce4,42,v0.5
pit,48,1,0.0447,0.0717,-4.113,True,True,True,True,True,timeout,12.0001,5.6417,6.0,0.9403,0.2187,0.2234,0.167,0.079,0.041767,True,0.4716,0.8438,0,0.0,,7.135,14.943,24.692,0.0703,0.0622,4.741,0.24021,6.7102,108.384,833.1038,11.96,1,0.0,0.0,0.0,0,0.0,0.0,0.0,0,0.0,0.0,0.0,0,0.2,0.2,1.0,pit_s2_d0.50_v0.5_e001,2,20969d4257e2c6cafb45167f1c374f74ffa8eb7245d3ec03c4253c0dc3a78ce4,42,v0.5
pit,49,1,0.0662,-0.0135,-3.877,True,True,True,True,True,timeout,12.0001,5.6427,6.0,0.9404,0.0758,0.1123,0.1077,0.0786,0.041843,True,0.4669,0.8465,0,0.0,,6.805,14.952,24.738,0.0698,0.0626,4.755,0.2435,6.7312,133.529,834.1073,11.94,1,0.0,0.0,0.0,0,32.361,0.6472,0.02,1,0.0,0.0,0.0,0,0.2,0.2,1.0,pit_s2_d0.50_v0.5_e001,2,20969d4257e2c6cafb45167f1c374f74ffa8eb7245d3ec03c4253c0dc3a78ce4,42,v0.5
rails,50,1,-0.004,-0.0422,-3.168,True,True,True,True,True,timeout,12.0001,5.4523,6.0,0.9087,0.4313,0.4336,0.1627,0.0878,0.041154,True,0.4852,0.1153,0,0.0,,5.091,5.508,5.997,0.0829,0.0717,4.817,0.26075,5.4555,129.995,850.1569,11.94,1,338.987,7.5029,0.04,1,134.582,48.7645,0.86,5,0.0,0.0,0.0,0,0.115,0.115,1.0,rails_s2_d0.50_v0.5_e001,2,20969d4257e2c6cafb45167f1c374f74ffa8eb7245d3ec03c4253c0dc3a78ce4,42,v0.5
rails,51,1,0.0312,0.0621,3.418,True,True,True,True,True,timeout,12.0001,5.4599,6.0,0.91,0.2193,0.2281,0.09,0.0859,0.041073,True,0.4959,0.3399,0,0.0,,5.219,4.215,5.167,0.0762,0.072,4.789,0.25564,5.9054,156.862,849.3092,11.96,1,0.0,0.0,0.0,0,114.358,36.1051,0.88,4,0.0,0.0,0.0,0,0.115,0.115,1.0,rails_s2_d0.50_v0.5_e001,2,20969d4257e2c6cafb45167f1c374f74ffa8eb7245d3ec03c4253c0dc3a78ce4,42,v0.5
rails,52,1,-0.0084,0.0773,0.164,True,True,True,True,True,timeout,12.0001,5.5381,6.0,0.923,0.3415,0.3423,0.273,0.0789,0.041311,True,0.4557,0.7573,0,0.0,,4.6,5.318,5.831,0.0663,0.0679,4.867,0.26611,5.1059,192.949,854.9016,11.94,1,0.0,0.0,0.0,0,165.479,50.7835,0.88,3,0.0,0.0,0.0,0,0.115,0.115,1.0,rails_s2_d0.50_v0.5_e001,2,20969d4257e2c6cafb45167f1c374f74ffa8eb7245d3ec03c4253c0dc3a78ce4,42,v0.5
rails,53,1,-0.0713,0.0414,3.719,True,True,True,True,True,timeout,12.0001,5.574,6.0,0.929,0.0545,0.0699,0.0442,0.079,0.041481,True,0.4205,0.7614,0,0.0,,4.615,5.252,5.772,0.0665,0.0709,4.758,0.25649,5.4575,128.09,837.5817,11.94,1,0.0,0.0,0.0,0,199.684,46.6969,0.84,5,0.0,0.0,0.0,0,0.115,0.115,1.0,rails_s2_d0.50_v0.5_e001,2,20969d4257e2c6cafb45167f1c374f74ffa8eb7245d3ec03c4253c0dc3a78ce4,42,v0.5
rails,54,1,0.0974,0.0534,-4.896,True,True,True,True,True,timeout,12.0001,5.4507,6.0,0.9085,0.0034,0.0458,0.0024,0.0908,0.041248,True,0.5625,0.2353,0,0.0,,3.4,4.774,5.351,0.0833,0.0734,4.817,0.26083,6.0187,116.586,849.7114,11.94,1,0.0,0.0,0.0,0,123.305,46.3096,0.96,5,0.0,0.0,0.0,0,0.115,0.115,1.0,rails_s2_d0.50_v0.5_e001,2,20969d4257e2c6cafb45167f1c374f74ffa8eb7245d3ec03c4253c0dc3a78ce4,42,v0.5
rails,55,1,0.0723,-0.0088,-2.365,True,True,True,True,True,timeout,12.0001,5.3244,6.0,0.8874,0.4028,0.4028,0.1473,0.0932,0.040583,True,0.5556,-0.2865,0,0.0,,5.161,7.502,7.78,0.1027,0.0677,4.943,0.25882,5.7845,174.182,853.1874,11.94,1,0.0,0.0,0.0,0,572.204,78.1245,1.34,7,0.0,0.0,0.0,0,0.115,0.115,1.0,rails_s2_d0.50_v0.5_e001,2,20969d4257e2c6cafb45167f1c374f74ffa8eb7245d3ec03c4253c0dc3a78ce4,42,v0.5
rails,56,1,0.0878,0.0414,-0.795,True,True,True,True,True,timeout,12.0001,5.561,6.0,0.9268,0.0809,0.0888,0.0163,0.0851,0.041148,True,0.5742,0.5386,0,0.0,,3.172,5.466,6.082,0.0733,0.0715,4.827,0.24368,6.085,184.411,844.269,11.96,1,0.0,0.0,0.0,0,130.312,52.8301,1.06,5,0.0,0.0,0.0,0,0.115,0.115,1.0,rails_s2_d0.50_v0.5_e001,2,20969d4257e2c6cafb45167f1c374f74ffa8eb7245d3ec03c4253c0dc3a78ce4,42,v0.5
rails,57,1,0.0082,0.0698,-0.257,True,True,True,True,True,timeout,12.0001,5.4504,6.0,0.9084,0.4535,0.4557,0.1944,0.0863,0.041332,True,0.4833,0.3456,0,0.0,,5.381,4.331,5.025,0.076,0.0732,4.783,0.25593,5.656,151.233,849.1951,11.94,1,0.0,0.0,0.0,0,105.792,32.7324,0.82,5,0.0,0.0,0.0,0,0.115,0.115,1.0,rails_s2_d0.50_v0.5_e001,2,20969d4257e2c6cafb45167f1c374f74ffa8eb7245d3ec03c4253c0dc3a78ce4,42,v0.5
rails,58,1,0.0838,-0.0125,-4.713,True,True,True,True,True,timeout,12.0001,5.5321,6.0,0.922,0.1923,0.1963,0.0547,0.0853,0.041372,True,0.5823,0.5571,0,0.0,,3.343,5.057,5.798,0.0741,0.0709,4.815,0.24419,5.958,152.752,844.4857,11.96,1,0.0,0.0,0.0,0,101.564,47.1265,1.04,5,0.0,0.0,0.0,0,0.115,0.115,1.0,rails_s2_d0.50_v0.5_e001,2,20969d4257e2c6cafb45167f1c374f74ffa8eb7245d3ec03c4253c0dc3a78ce4,42,v0.5
rails,59,1,0.0543,-0.0232,0.033,True,True,True,True,True,timeout,12.0001,5.4064,6.0,0.9011,0.3488,0.3546,0.1739,0.0901,0.041117,True,0.5151,-0.0856,0,0.0,,5.694,5.379,5.623,0.0904,0.0711,4.828,0.25899,5.6465,129.311,849.5434,11.94,1,28.998,0.58,0.02,1,115.604,41.0614,0.92,5,0.0,0.0,0.0,0,0.115,0.115,1.0,rails_s2_d0.50_v0.5_e001,2,20969d4257e2c6cafb45167f1c374f74ffa8eb7245d3ec03c4253c0dc3a78ce4,42,v0.5
star,60,1,0.0295,-0.0312,1.928,True,True,True,True,True,timeout,12.0001,5.6935,6.0,0.9489,0.6059,0.6086,0.2498,0.0763,0.041965,True,0.5744,0.8295,0,0.0,,6.95,7.062,10.335,0.0649,0.0677,4.651,0.21855,7.1524,125.167,845.0364,11.94,1,0.0,0.0,0.0,0,98.341,14.1961,0.26,1,0.0,0.0,0.0,0,0.105,0.105,1.0,star_s2_d0.50_v0.5_e001,2,20969d4257e2c6cafb45167f1c374f74ffa8eb7245d3ec03c4253c0dc3a78ce4,42,v0.5
star,61,1,-0.0273,0.0158,-4.31,True,True,True,True,True,timeout,12.0001,5.4602,6.0,0.91,0.5861,0.5861,0.185,0.0797,0.042018,True,0.4775,0.851,0,0.0,,3.489,4.262,6.226,0.0632,0.0702,4.628,0.2001,8.7315,117.315,830.9377,11.94,1,0.0,0.0,0.0,0,0.0,0.0,0.0,0,0.0,0.0,0.0,0,0.105,0.0,0.0001,star_s2_d0.50_v0.5_e001,2,20969d4257e2c6cafb45167f1c374f74ffa8eb7245d3ec03c4253c0dc3a78ce4,42,v0.5
star,62,1,0.0164,0.0812,4.777,True,True,True,True,True,timeout,12.0001,5.689,6.0,0.9482,0.3804,0.3804,0.1673,0.0777,0.04182,True,0.4786,0.8278,0,0.0,,7.415,7.26,10.161,0.0675,0.0675,4.603,0.22346,5.7017,145.788,844.7034,11.94,1,0.0,0.0,0.0,0,112.868,13.7012,0.18,1,0.0,0.0,0.0,0,0.105,0.105,1.0,star_s2_d0.50_v0.5_e001,2,20969d4257e2c6cafb45167f1c374f74ffa8eb7245d3ec03c4253c0dc3a78ce4,42,v0.5
star,63,1,-0.0535,0.0683,2.738,True,True,True,True,True,timeout,12.0001,5.7005,6.0,0.9501,0.2895,0.2895,0.2158,0.0765,0.041674,True,0.443,0.8295,0,0.0,,7.001,7.869,11.616,0.0654,0.067,4.657,0.22872,6.742,128.215,841.9534,11.96,1,0.0,0.0,0.0,0,107.613,17.1131,0.32,2,0.0,0.0,0.0,0,0.105,0.105,1.0,star_s2_d0.50_v0.5_e001,2,20969d4257e2c6cafb45167f1c374f74ffa8eb7245d3ec03c4253c0dc3a78ce4,42,v0.5
star,64,1,0.071,0.0367,-4.864,True,True,True,True,True,timeout,12.0001,5.4684,6.0,0.9114,0.5216,0.5216,0.2005,0.0794,0.042022,True,0.4737,0.8332,0,0.0,,3.109,3.683,6.032,0.0637,0.0698,4.607,0.19943,8.7753,108.292,829.4893,11.94,1,0.0,0.0,0.0,0,0.0,0.0,0.0,0,0.0,0.0,0.0,0,0.105,0.0,0.0001,star_s2_d0.50_v0.5_e001,2,20969d4257e2c6cafb45167f1c374f74ffa8eb7245d3ec03c4253c0dc3a78ce4,42,v0.5
star,65,1,0.0646,0.0295,-3.186,True,True,True,True,True,timeout,12.0001,5.5135,6.0,0.9189,0.5865,0.5867,0.2208,0.0773,0.042073,True,0.4828,0.8264,0,0.0,,4.607,3.699,6.235,0.0608,0.0707,4.674,0.20411,9.1246,129.954,835.3384,11.94,1,0.0,0.0,0.0,0,0.0,0.0,0.0,0,0.0,0.0,0.0,0,0.105,0.0,0.0001,star_s2_d0.50_v0.5_e001,2,20969d4257e2c6cafb45167f1c374f74ffa8eb7245d3ec03c4253c0dc3a78ce4,42,v0.5
star,66,1,0.0602,-0.0036,0.833,True,True,True,True,True,timeout,12.0001,5.653,6.0,0.9422,0.6124,0.614,0.2591,0.0771,0.04179,True,0.614,0.8094,0,0.0,,7.222,7.344,10.44,0.0646,0.0694,4.664,0.21762,7.3451,110.497,845.4573,11.94,1,0.0,0.0,0.0,0,79.77,3.0297,0.06,2,0.0,0.0,0.0,0,0.105,0.105,1.0,star_s2_d0.50_v0.5_e001,2,20969d4257e2c6cafb45167f1c374f74ffa8eb7245d3ec03c4253c0dc3a78ce4,42,v0.5
star,67,1,-0.0941,-0.0884,1.962,True,True,True,True,True,timeout,12.0001,5.6429,6.0,0.9405,0.5802,0.5802,0.2296,0.0776,0.041735,True,0.5859,0.833,0,0.0,,6.863,6.007,8.898,0.0661,0.0681,4.674,0.21599,7.2902,162.562,847.2676,11.94,1,0.0,0.0,0.0,0,96.342,3.8013,0.06,2,0.0,0.0,0.0,0,0.105,0.105,1.0,star_s2_d0.50_v0.5_e001,2,20969d4257e2c6cafb45167f1c374f74ffa8eb7245d3ec03c4253c0dc3a78ce4,42,v0.5
star,68,1,-0.0108,0.0475,-2.154,True,True,True,True,True,timeout,12.0001,5.5793,6.0,0.9299,0.8382,0.8383,0.2403,0.0795,0.041527,True,0.475,0.7778,0,0.0,,6.94,4.414,6.66,0.0628,0.0758,4.816,0.23116,8.6353,110.194,849.2138,11.96,1,0.0,0.0,0.0,0,67.975,10.6336,0.24,1,0.0,0.0,0.0,0,0.105,0.105,1.0,star_s2_d0.50_v0.5_e001,2,20969d4257e2c6cafb45167f1c374f74ffa8eb7245d3ec03c4253c0dc3a78ce4,42,v0.5
star,69,1,0.0512,0.0926,-1.079,True,True,True,True,True,timeout,12.0001,5.6913,6.0,0.9485,0.6514,0.6534,0.3074,0.0786,0.041679,True,0.5743,0.8422,0,0.0,,7.229,6.797,9.911,0.0646,0.0706,4.708,0.23162,7.101,130.026,846.6555,11.96,1,0.0,0.0,0.0,0,85.138,17.4847,0.44,3,0.0,0.0,0.0,0,0.105,0.105,1.0,star_s2_d0.50_v0.5_e001,2,20969d4257e2c6cafb45167f1c374f74ffa8eb7245d3ec03c4253c0dc3a78ce4,42,v0.5
floating_ring,70,1,-0.0934,0.0648,-0.601,True,True,True,True,True,timeout,12.0001,5.5556,6.0,0.9259,0.0137,0.1028,0.0876,0.0821,0.041244,True,0.4692,0.7814,0,0.0,,7.168,16.72,21.42,0.074,0.063,4.748,0.23557,6.6816,140.754,841.8581,11.96,1,0.0,0.0,0.0,0,208.692,28.0632,0.58,2,0.0,0.0,0.0,0,0.225,0.225,1.0,floating_ring_s2_d0.50_v0.5_e001,2,20969d4257e2c6cafb45167f1c374f74ffa8eb7245d3ec03c4253c0dc3a78ce4,42,v0.5
floating_ring,71,1,-0.0722,-0.0236,-4.734,True,True,True,True,True,timeout,12.0001,5.4664,6.0,0.9111,0.3428,0.3436,0.078,0.0871,0.041328,True,0.4635,0.7927,0,0.0,,6.638,16.078,21.616,0.0813,0.0642,4.777,0.23899,6.6365,210.193,838.6364,11.94,1,0.0,0.0,0.0,0,201.619,21.148,0.32,2,0.0,0.0,0.0,0,0.225,0.225,1.0,floating_ring_s2_d0.50_v0.5_e001,2,20969d4257e2c6cafb45167f1c374f74ffa8eb7245d3ec03c4253c0dc3a78ce4,42,v0.5
floating_ring,72,1,0.0105,-0.0729,-0.895,True,True,True,True,True,timeout,12.0001,5.3861,6.0,0.8977,0.1001,0.1871,0.0909,0.0938,0.041024,True,0.4711,0.6143,0,0.0,,7.497,15.439,21.012,0.0894,0.0663,4.744,0.24688,6.7385,183.665,842.7039,11.96,1,0.0,0.0,0.0,0,110.724,37.556,0.76,6,0.0,0.0,0.0,0,0.225,0.225,1.0,floating_ring_s2_d0.50_v0.5_e001,2,20969d4257e2c6cafb45167f1c374f74ffa8eb7245d3ec03c4253c0dc3a78ce4,42,v0.5
floating_ring,73,1,0.0572,0.0147,4.603,True,True,True,True,True,timeout,12.0001,5.4481,6.0,0.908,0.1843,0.1863,0.169,0.0877,0.040962,True,0.4362,0.6182,0,0.0,,7.395,15.534,20.404,0.0823,0.0643,4.751,0.25258,6.7261,159.494,849.3353,11.96,1,0.0,0.0,0.0,0,151.576,21.263,0.5,5,0.0,0.0,0.0,0,0.225,0.225,1.0,floating_ring_s2_d0.50_v0.5_e001,2,20969d4257e2c6cafb45167f1c374f74ffa8eb7245d3ec03c4253c0dc3a78ce4,42,v0.5
floating_ring,74,1,0.0925,-0.0294,-1.344,True,True,True,True,True,timeout,12.0001,5.4517,6.0,0.9086,0.0113,0.1426,0.1032,0.0857,0.040966,True,0.4416,0.5095,0,0.0,,6.769,14.687,20.099,0.08,0.0664,4.865,0.27626,6.6426,136.035,852.8433,11.96,1,0.0,0.0,0.0,0,407.995,37.97,0.72,6,0.0,0.0,0.0,0,0.225,0.225,1.0,floating_ring_s2_d0.50_v0.5_e001,2,20969d4257e2c6cafb45167f1c374f74ffa8eb7245d3ec03c4253c0dc3a78ce4,42,v0.5
floating_ring,75,1,0.0163,-0.0114,-4.66,True,True,True,True,True,timeout,12.0001,5.449,6.0,0.9082,0.0259,0.1971,0.1475,0.0905,0.041213,True,0.4735,0.5882,0,0.0,,7.396,15.414,20.808,0.0833,0.0676,4.743,0.24637,6.7251,141.798,844.0792,11.96,1,0.0,0.0,0.0,0,115.101,39.9716,0.74,4,0.0,0.0,0.0,0,0.225,0.225,1.0,floating_ring_s2_d0.50_v0.5_e001,2,20969d4257e2c6cafb45167f1c374f74ffa8eb7245d3ec03c4253c0dc3a78ce4,42,v0.5
floating_ring,76,1,0.0135,0.0239,4.536,True,True,True,True,True,timeout,12.0001,5.4021,6.0,0.9004,0.1832,0.1882,0.1752,0.0929,0.041083,True,0.4678,0.6166,0,0.0,,7.302,15.025,20.102,0.0932,0.0641,4.7,0.24636,6.7519,138.251,837.1417,11.94,1,0.0,0.0,0.0,0,113.232,20.2387,0.52,3,0.0,0.0,0.0,0,0.225,0.225,1.0,floating_ring_s2_d0.50_v0.5_e001,2,20969d4257e2c6cafb45167f1c374f74ffa8eb7245d3ec03c4253c0dc3a78ce4,42,v0.5
floating_ring,77,1,-0.0323,-0.0817,1.146,True,True,True,True,True,timeout,12.0001,5.5502,6.0,0.925,0.3132,0.3227,0.2241,0.0865,0.041036,True,0.4761,0.7608,0,0.0,,7.725,16.059,22.351,0.0756,0.069,4.777,0.24951,6.1066,212.214,851.461,11.96,1,0.0,0.0,0.0,0,216.33,24.9724,0.36,5,0.0,0.0,0.0,0,0.225,0.225,1.0,floating_ring_s2_d0.50_v0.5_e001,2,20969d4257e2c6cafb45167f1c374f74ffa8eb7245d3ec03c4253c0dc3a78ce4,42,v0.5
floating_ring,78,1,0.0419,0.0369,-4.475,True,True,True,True,True,timeout,12.0001,5.4747,6.0,0.9125,0.0344,0.2105,0.1769,0.089,0.041194,True,0.4633,0.5565,0,0.0,,7.15,15.31,20.506,0.0806,0.069,4.74,0.25023,6.5866,156.426,844.0217,11.94,1,0.0,0.0,0.0,0,102.519,36.2001,0.76,5,0.0,0.0,0.0,0,0.225,0.225,1.0,floating_ring_s2_d0.50_v0.5_e001,2,20969d4257e2c6cafb45167f1c374f74ffa8eb7245d3ec03c4253c0dc3a78ce4,42,v0.5
floating_ring,79,1,-0.049,0.0381,-4.465,True,True,True,True,True,timeout,12.0001,5.5625,6.0,0.9271,0.1908,0.1923,0.0058,0.0816,0.041241,True,0.4651,0.7523,0,0.0,,6.934,15.311,19.672,0.074,0.0634,4.77,0.24165,7.0034,185.042,845.5496,11.96,1,38.656,0.7731,0.02,1,202.981,32.2356,0.58,5,0.0,0.0,0.0,0,0.225,0.225,1.0,floating_ring_s2_d0.50_v0.5_e001,2,20969d4257e2c6cafb45167f1c374f74ffa8eb7245d3ec03c4253c0dc3a78ce4,42,v0.5
repeated_boxes,80,1,-0.0879,-0.0328,2.699,True,True,True,True,True,timeout,12.0001,5.4794,6.0,0.9132,0.3566,0.3566,0.1217,0.0792,0.041969,True,0.4792,0.7427,0,0.0,,3.356,6.114,8.199,0.0657,0.0683,4.64,0.21502,6.8188,117.121,829.2177,11.94,1,0.0,0.0,0.0,0,46.64,1.729,0.06,2,0.0,0.0,0.0,0,0.0833,0.0676,0.8106,repeated_boxes_s2_d0.50_v0.5_e001,2,20969d4257e2c6cafb45167f1c374f74ffa8eb7245d3ec03c4253c0dc3a78ce4,42,v0.5
repeated_boxes,81,1,-0.0255,-0.053,-1.773,True,True,True,True,True,timeout,12.0001,5.4759,6.0,0.9127,0.3201,0.3277,0.1513,0.0779,0.041855,True,0.4765,0.7844,0,0.0,,2.853,8.636,11.085,0.063,0.067,4.67,0.21294,7.3759,127.701,824.2603,11.96,1,0.0,0.0,0.0,0,0.0,0.0,0.0,0,0.0,0.0,0.0,0,0.084,0.06,0.7144,repeated_boxes_s2_d0.50_v0.5_e001,2,20969d4257e2c6cafb45167f1c374f74ffa8eb7245d3ec03c4253c0dc3a78ce4,42,v0.5
repeated_boxes,82,1,-0.0714,0.0896,2.122,True,True,True,True,True,timeout,12.0001,5.4406,6.0,0.9068,0.5397,0.5397,0.144,0.0819,0.041469,True,0.4566,0.6168,0,0.0,,3.662,6.043,8.544,0.0669,0.073,4.772,0.23964,6.0522,135.44,838.3312,11.94,1,0.0,0.0,0.0,0,45.012,8.7946,0.36,4,0.0,0.0,0.0,0,0.0841,0.0673,0.8003,repeated_boxes_s2_d0.50_v0.5_e001,2,20969d4257e2c6cafb45167f1c374f74ffa8eb7245d3ec03c4253c0dc3a78ce4,42,v0.5
repeated_boxes,83,1,-0.0652,-0.0256,-4.622,True,True,True,True,True,timeout,12.0001,5.4849,6.0,0.9142,0.3132,0.3132,0.1275,0.0764,0.041975,True,0.4669,0.8377,0,0.0,,3.077,5.382,7.919,0.0626,0.0656,4.682,0.21345,7.3505,137.189,821.6426,11.96,1,0.0,0.0,0.0,0,0.0,0.0,0.0,0,0.0,0.0,0.0,0,0.0832,0.06,0.7212,repeated_boxes_s2_d0.50_v0.5_e001,2,20969d4257e2c6cafb45167f1c374f74ffa8eb7245d3ec03c4253c0dc3a78ce4,42,v0.5
repeated_boxes,84,1,0.0329,-0.0162,-4.594,True,True,True,True,True,timeout,12.0001,5.4649,6.0,0.9108,0.327,0.3335,0.1467,0.0769,0.042014,True,0.4732,0.832,0,0.0,,2.755,5.097,7.383,0.0635,0.0656,4.689,0.2121,7.7217,139.211,819.7366,11.94,1,0.0,0.0,0.0,0,87.927,11.2183,0.22,1,0.0,0.0,0.0,0,0.084,0.06,0.7143,repeated_boxes_s2_d0.50_v0.5_e001,2,20969d4257e2c6cafb45167f1c374f74ffa8eb7245d3ec03c4253c0dc3a78ce4,42,v0.5
repeated_boxes,85,1,0.0156,0.0036,1.295,True,True,True,True,True,timeout,12.0001,5.3939,6.0,0.899,0.375,0.375,0.1202,0.0825,0.041824,True,0.4827,0.703,0,0.0,,3.122,6.685,9.246,0.0694,0.0687,4.714,0.21746,6.5422,118.484,827.715,11.94,1,0.0,0.0,0.0,0,24.658,2.6963,0.14,2,0.0,0.0,0.0,0,0.0838,0.0697,0.8321,repeated_boxes_s2_d0.50_v0.5_e001,2,20969d4257e2c6cafb45167f1c374f74ffa8eb7245d3ec03c4253c0dc3a78ce4,42,v0.5
repeated_boxes,86,1,0.0429,0.0408,0.442,True,True,True,True,True,timeout,12.0001,5.4379,6.0,0.9063,0.3418,0.3418,0.1233,0.0802,0.041998,True,0.493,0.792,0,0.0,,3.12,5.556,8.095,0.0662,0.0677,4.663,0.21708,6.7058,143.827,827.2313,11.94,1,0.0,0.0,0.0,0,90.064,29.03,0.72,3,0.0,0.0,0.0,0,0.0836,0.0703,0.8399,repeated_boxes_s2_d0.50_v0.5_e001,2,20969d4257e2c6cafb45167f1c374f74ffa8eb7245d3ec03c4253c0dc3a78ce4,42,v0.5
repeated_boxes,87,1,0.0814,-0.0075,3.159,True,True,True,True,True,timeout,12.0001,5.4867,6.0,0.9144,0.1942,0.1942,0.0489,0.0796,0.041952,True,0.4617,0.7267,0,0.0,,3.058,5.98,7.368,0.0655,0.0687,4.665,0.21633,7.0987,144.87,828.4135,11.96,1,0.0,0.0,0.0,0,70.428,2.4622,0.12,2,0.0,0.0,0.0,0,0.0839,0.0687,0.8185,repeated_boxes_s2_d0.50_v0.5_e001,2,20969d4257e2c6cafb45167f1c374f74ffa8eb7245d3ec03c4253c0dc3a78ce4,42,v0.5
repeated_boxes,88,1,0.0823,-0.0472,2.124,True,True,True,True,True,timeout,12.0001,5.459,6.0,0.9098,0.2548,0.2548,0.0297,0.0796,0.041841,True,0.4661,0.8441,0,0.0,,3.218,4.674,7.39,0.0643,0.0696,4.604,0.21591,6.611,136.627,825.5261,11.96,1,0.0,0.0,0.0,0,37.402,7.9808,0.36,2,0.0,0.0,0.0,0,0.0828,0.0733,0.885,repeated_boxes_s2_d0.50_v0.5_e001,2,20969d4257e2c6cafb45167f1c374f74ffa8eb7245d3ec03c4253c0dc3a78ce4,42,v0.5
repeated_boxes,89,1,0.0274,0.0738,-1.221,True,True,True,True,True,timeout,12.0001,5.4535,6.0,0.9089,0.3864,0.3866,0.1803,0.078,0.042054,True,0.4705,0.7603,0,0.0,,3.17,7.456,10.068,0.065,0.0669,4.616,0.21408,5.8422,160.358,840.5943,11.94,1,0.0,0.0,0.0,0,93.02,14.1347,0.3,2,0.0,0.0,0.0,0,0.0838,0.0703,0.839,repeated_boxes_s2_d0.50_v0.5_e001,2,20969d4257e2c6cafb45167f1c374f74ffa8eb7245d3ec03c4253c0dc3a78ce4,42,v0.5
repeated_cylinders,90,1,0.0944,-0.0542,2.833,True,True,True,True,True,timeout,12.0001,5.4953,6.0,0.9159,0.3078,0.3088,0.0937,0.0796,0.041919,True,0.4607,0.8293,0,0.0,,3.309,6.121,7.991,0.0621,0.0702,4.72,0.21561,7.357,156.037,830.9402,11.94,1,0.0,0.0,0.0,0,59.197,3.8612,0.12,2,0.0,0.0,0.0,0,0.0672,0.0606,0.9012,repeated_cylinders_s2_d0.50_v0.5_e001,2,20969d4257e2c6cafb45167f1c374f74ffa8eb7245d3ec03c4253c0dc3a78ce4,42,v0.5
repeated_cylinders,91,1,-0.0557,-0.0439,3.061,True,True,True,True,True,timeout,12.0001,5.4741,6.0,0.9124,0.3082,0.3082,0.1336,0.0795,0.041997,True,0.4817,0.8031,0,0.0,,3.123,7.765,10.712,0.064,0.0692,4.663,0.21217,6.8459,115.902,829.0493,11.94,1,0.0,0.0,0.0,0,54.517,10.4531,0.3,3,0.0,0.0,0.0,0,0.0672,0.06,0.8924,repeated_cylinders_s2_d0.50_v0.5_e001,2,20969d4257e2c6cafb45167f1c374f74ffa8eb7245d3ec03c4253c0dc3a78ce4,42,v0.5
repeated_cylinders,92,1,0.0642,-0.0282,1.762,True,True,True,True,True,timeout,12.0001,5.4319,6.0,0.9053,0.3565,0.3589,0.1309,0.081,0.04176,True,0.4858,0.7457,0,0.0,,3.117,4.777,7.555,0.0656,0.0697,4.75,0.22188,6.9022,180.584,830.2518,11.94,1,0.0,0.0,0.0,0,62.437,9.9257,0.26,2,0.0,0.0,0.0,0,0.0672,0.0603,0.8963,repeated_cylinders_s2_d0.50_v0.5_e001,2,20969d4257e2c6cafb45167f1c374f74ffa8eb7245d3ec03c4253c0dc3a78ce4,42,v0.5
repeated_cylinders,93,1,0.0873,0.0086,1.415,True,True,True,True,True,timeout,12.0001,5.4704,6.0,0.9117,0.1754,0.1769,0.096,0.0788,0.041496,True,0.4641,0.649,0,0.0,,3.039,5.052,7.768,0.0663,0.0661,4.774,0.23498,6.8401,182.029,831.9329,11.94,1,0.0,0.0,0.0,0,97.628,22.6093,0.5,4,0.0,0.0,0.0,0,0.0672,0.0628,0.9351,repeated_cylinders_s2_d0.50_v0.5_e001,2,20969d4257e2c6cafb45167f1c374f74ffa8eb7245d3ec03c4253c0dc3a78ce4,42,v0.5
repeated_cylinders,94,1,-0.0755,0.069,1.412,True,True,True,True,True,timeout,12.0001,5.4927,6.0,0.9155,0.4179,0.4179,0.165,0.0787,0.041822,True,0.4797,0.8319,0,0.0,,3.202,6.064,9.065,0.0627,0.0689,4.628,0.21185,6.9504,129.375,835.0563,11.96,1,0.0,0.0,0.0,0,46.156,1.2083,0.04,1,0.0,0.0,0.0,0,0.0671,0.06,0.8944,repeated_cylinders_s2_d0.50_v0.5_e001,2,20969d4257e2c6cafb45167f1c374f74ffa8eb7245d3ec03c4253c0dc3a78ce4,42,v0.5
repeated_cylinders,95,1,0.024,-0.0759,-1.819,True,True,True,True,True,timeout,12.0001,5.4191,6.0,0.9032,0.3647,0.3647,0.1889,0.081,0.041846,True,0.4495,0.6755,0,0.0,,3.168,7.298,10.276,0.0669,0.0681,4.668,0.21529,6.541,182.52,831.0964,11.94,1,0.0,0.0,0.0,0,59.749,18.5016,0.54,3,0.0,0.0,0.0,0,0.0672,0.06,0.8927,repeated_cylinders_s2_d0.50_v0.5_e001,2,20969d4257e2c6cafb45167f1c374f74ffa8eb7245d3ec03c4253c0dc3a78ce4,42,v0.5
repeated_cylinders,96,1,-0.0323,0.0361,-3.676,True,True,True,True,True,timeout,12.0001,5.4591,6.0,0.9098,0.2212,0.2309,0.1352,0.0805,0.041687,True,0.4251,0.7441,0,0.0,,3.0,8.394,11.312,0.0656,0.0689,4.709,0.21681,7.5591,123.87,833.8699,11.96,1,0.0,0.0,0.0,0,58.763,6.4453,0.2,1,0.0,0.0,0.0,0,0.0672,0.06,0.8927,repeated_cylinders_s2_d0.50_v0.5_e001,2,20969d4257e2c6cafb45167f1c374f74ffa8eb7245d3ec03c4253c0dc3a78ce4,42,v0.5
repeated_cylinders,97,1,-0.0714,0.0625,4.974,True,True,True,True,True,timeout,12.0001,5.4387,6.0,0.9064,0.4772,0.4772,0.1829,0.0796,0.041967,True,0.4484,0.7172,0,0.0,,3.111,5.81,8.84,0.0658,0.0689,4.654,0.21533,6.751,117.202,832.7842,11.96,1,0.0,0.0,0.0,0,0.0,0.0,0.0,0,0.0,0.0,0.0,0,0.0671,0.0617,0.9189,repeated_cylinders_s2_d0.50_v0.5_e001,2,20969d4257e2c6cafb45167f1c374f74ffa8eb7245d3ec03c4253c0dc3a78ce4,42,v0.5
repeated_cylinders,98,1,-0.0927,0.0103,-1.054,True,True,True,True,True,timeout,12.0001,5.4859,6.0,0.9143,0.3491,0.3491,0.1249,0.0778,0.041883,True,0.465,0.8301,0,0.0,,3.172,5.711,8.738,0.0634,0.0683,4.652,0.21685,6.7061,154.982,826.4225,11.94,1,0.0,0.0,0.0,0,84.298,18.1635,0.36,2,0.0,0.0,0.0,0,0.0672,0.0672,1.0,repeated_cylinders_s2_d0.50_v0.5_e001,2,20969d4257e2c6cafb45167f1c374f74ffa8eb7245d3ec03c4253c0dc3a78ce4,42,v0.5
repeated_cylinders,99,1,-0.0923,-0.0652,4.754,True,True,True,True,True,timeout,12.0001,5.4491,6.0,0.9082,0.4527,0.4527,0.1721,0.0796,0.042025,True,0.4641,0.7693,0,0.0,,3.105,6.177,9.059,0.065,0.0676,4.625,0.21003,7.0718,142.816,823.9747,11.94,1,0.0,0.0,0.0,0,90.28,18.7156,0.58,4,0.0,0.0,0.0,0,0.0672,0.06,0.8926,repeated_cylinders_s2_d0.50_v0.5_e001,2,20969d4257e2c6cafb45167f1c374f74ffa8eb7245d3ec03c4253c0dc3a78ce4,42,v0.5
stepping_stones,26,3,-0.0712,0.0636,2.421,False,False,False,True,False,base_contact,3.54,1.4818,6.0,0.247,0.2263,0.2263,,0.1659,0.033029,False,,0.4266,9,663.742,0.0,16.243,7.263,23.261,0.1558,0.1584,5.451,0.364,1.8526,294.337,250.8423,3.4,2,139.226,5.2165,0.08,2,234.186,39.3477,0.82,8,663.742,19.3819,0.18,2,1.115,0.9962,0.8934,stepping_stones_s2_d0.50_v0.5_e003,2,20969d4257e2c6cafb45167f1c374f74ffa8eb7245d3ec03c4253c0dc3a78ce4,42,v0.5
gap,34,2,0.0473,-0.0701,1.776,True,True,True,True,True,timeout,12.0001,5.7317,6.0,0.9553,0.0319,0.2041,0.1496,0.0942,0.040284,True,0.4635,1.4657,0,0.0,,7.328,8.888,8.888,0.0987,0.0696,4.984,0.26317,8.0284,136.242,845.304,11.96,2,108.517,3.9121,0.06,2,709.296,59.5124,0.66,2,735.515,14.7103,0.02,1,0.0,0.0,,gap_s2_d0.50_v0.5_e002,2,20969d4257e2c6cafb45167f1c374f74ffa8eb7245d3ec03c4253c0dc3a78ce4,42,v0.5
gap,31,2,0.077,0.016,4.302,False,False,False,False,False,base_contact,1.68,0.6353,6.0,0.1059,0.8461,0.8507,,0.501,-0.027353,False,,,5,1135.633,0.8,163.097,48.15,48.15,0.3944,0.4644,8.811,1.17034,1.1159,340.379,160.6227,1.46,6,2000.166,77.0119,0.1,2,368.137,15.439,0.14,2,1135.633,49.7521,0.1,3,0.0,0.0,,gap_s2_d0.50_v0.5_e002,2,20969d4257e2c6cafb45167f1c374f74ffa8eb7245d3ec03c4253c0dc3a78ce4,42,v0.5
stepping_stones,25,3,-0.0792,-0.0312,4.077,False,False,False,True,False,base_contact,5.54,2.2728,6.0,0.3788,0.2172,0.2297,,0.1896,0.027514,False,,-0.0824,45,726.92,0.0,25.174,21.629,22.197,0.2247,0.1094,6.351,0.38603,2.8139,332.653,413.9283,5.38,1,359.704,34.4963,0.3,3,1028.623,150.2122,1.94,15,726.92,80.8855,0.9,7,1.11,1.01,0.9099,stepping_stones_s2_d0.50_v0.5_e003,2,20969d4257e2c6cafb45167f1c374f74ffa8eb7245d3ec03c4253c0dc3a78ce4,42,v0.5
gap,38,2,0.0334,0.0459,-3.786,True,True,True,True,True,timeout,12.0001,5.7446,6.0,0.9574,0.2064,0.2064,0.0306,0.0921,0.040588,True,0.4462,1.296,0,0.0,,7.338,5.512,5.512,0.0951,0.0667,4.953,0.25803,7.3777,176.544,840.576,11.94,1,59.524,1.1905,0.02,1,259.335,39.842,0.6,1,0.0,0.0,0.0,0,0.0,0.0,,gap_s2_d0.50_v0.5_e002,2,20969d4257e2c6cafb45167f1c374f74ffa8eb7245d3ec03c4253c0dc3a78ce4,42,v0.5
stepping_stones,24,2,0.0509,0.0121,1.232,False,True,False,False,False,timeout,12.0001,1.8373,6.0,0.3062,0.3964,0.3986,,0.3848,0.026199,False,,-0.3386,378,694.442,4.1,76.314,10.865,20.897,0.4104,0.1009,6.096,0.24199,3.3093,273.049,777.4501,11.86,2,2356.815,1406.4626,7.84,6,164.196,44.7647,1.0,9,1250.562,465.8754,7.58,3,1.11,1.01,0.9099,stepping_stones_s2_d0.50_v0.5_e002,2,20969d4257e2c6cafb45167f1c374f74ffa8eb7245d3ec03c4253c0dc3a78ce4,42,v0.5
gap,34,3,-0.0572,0.0271,2.23,False,False,False,False,False,base_contact,1.64,0.7414,6.0,0.1236,0.7014,0.7014,,0.6426,-0.025485,False,,-0.6951,14,2277.531,0.72,174.06,58.262,58.262,0.6682,0.5229,11.225,1.4037,1.1106,265.696,137.2682,1.36,6,1919.818,62.5918,0.18,3,249.552,20.5252,0.24,3,2277.531,88.5257,0.28,3,0.0,0.0,,gap_s2_d0.50_v0.5_e003,2,20969d4257e2c6cafb45167f1c374f74ffa8eb7245d3ec03c4253c0dc3a78ce4,42,v0.5
stepping_stones,21,2,0.0613,-0.0064,-0.772,False,False,False,True,False,base_contact,3.98,1.2461,6.0,0.2077,0.3787,0.4275,,0.2071,0.024775,False,,0.0345,18,1352.404,3.38,78.847,46.007,58.382,0.2033,0.1355,7.3,0.56091,2.1888,349.953,322.9566,3.8,3,721.096,162.1888,0.46,3,474.327,82.982,1.48,7,1352.404,112.9521,0.36,3,1.11,1.01,0.9099,stepping_stones_s2_d0.50_v0.5_e002,2,20969d4257e2c6cafb45167f1c374f74ffa8eb7245d3ec03c4253c0dc3a78ce4,42,v0.5
stepping_stones,29,2,-0.0647,0.0981,-1.921,False,False,False,False,False,base_contact,4.7,1.3913,6.0,0.2319,0.5059,0.5059,,0.2663,0.025449,False,,-0.9428,65,394.994,0.0,79.295,21.045,34.823,0.319,0.1605,5.651,0.29787,2.3074,244.335,268.9289,4.34,4,371.556,80.72,0.86,7,231.161,122.8794,2.04,6,394.994,116.4311,1.3,4,1.115,1.01,0.9058,stepping_stones_s2_d0.50_v0.5_e002,2,20969d4257e2c6cafb45167f1c374f74ffa8eb7245d3ec03c4253c0dc3a78ce4,42,v0.5
stepping_stones,23,2,-0.034,-0.0679,-4.906,False,False,False,False,False,base_contact,5.82,1.5154,6.0,0.2526,0.5899,0.6399,,0.295,0.024954,False,,-0.2848,85,697.541,0.0,58.048,42.547,48.845,0.3034,0.1881,7.257,0.37349,3.4064,374.995,440.4348,5.68,2,1318.366,39.3332,0.2,5,432.308,240.7342,3.12,10,697.541,211.1736,1.7,7,1.11,1.01,0.9099,stepping_stones_s2_d0.50_v0.5_e002,2,20969d4257e2c6cafb45167f1c374f74ffa8eb7245d3ec03c4253c0dc3a78ce4,42,v0.5
stepping_stones,20,2,-0.0401,-0.0925,2.156,False,True,False,False,False,timeout,12.0001,1.9473,6.0,0.3246,0.2052,0.2536,,0.3682,0.027958,False,,-0.0219,357,2249.949,4.86,12.213,17.306,21.254,0.4054,0.0641,5.756,0.21596,3.1324,339.69,776.6711,11.86,2,328.248,17.1776,0.14,5,162.777,90.6647,2.88,13,2249.949,731.2711,7.16,2,1.11,1.0095,0.9094,stepping_stones_s2_d0.50_v0.5_e002,2,20969d4257e2c6cafb45167f1c374f74ffa8eb7245d3ec03c4253c0dc3a78ce4,42,v0.5
stepping_stones,25,4,0.018,0.0021,2.317,False,False,False,True,False,base_contact,6.24,2.0961,6.0,0.3493,0.235,0.235,,0.2357,0.028922,False,,0.0043,50,792.069,0.0,12.666,10.377,25.219,0.2498,0.1298,5.656,0.43229,4.2311,548.563,471.2851,6.08,3,241.265,11.3846,0.24,5,190.699,47.8162,1.42,11,792.069,65.3945,1.0,2,1.11,1.01,0.9099,stepping_stones_s2_d0.50_v0.5_e004,2,20969d4257e2c6cafb45167f1c374f74ffa8eb7245d3ec03c4253c0dc3a78ce4,42,v0.5
stepping_stones,29,3,-0.0288,-0.006,3.382,False,False,False,True,False,base_contact,3.98,1.3483,6.0,0.2247,0.2434,0.2434,,0.1797,0.030225,False,,0.2962,7,912.473,3.68,8.894,16.546,28.625,0.1962,0.085,5.519,0.37675,2.481,305.476,300.6747,3.82,1,232.89,18.1677,0.08,1,342.796,60.4417,1.0,7,912.473,36.1879,0.16,3,1.11,1.01,0.9099,stepping_stones_s2_d0.50_v0.5_e003,2,20969d4257e2c6cafb45167f1c374f74ffa8eb7245d3ec03c4253c0dc3a78ce4,42,v0.5
stepping_stones,20,3,0.0314,0.0756,3.073,False,False,False,True,False,base_contact,3.2,1.2617,6.0,0.2103,0.1837,0.1837,,0.1669,0.033003,False,,0.4884,1,93.904,0.0,5.359,7.757,23.266,0.1591,0.1323,5.267,0.3,2.2908,294.511,233.0225,3.06,2,54.655,1.0931,0.02,1,283.598,27.3707,0.58,6,93.904,1.8781,0.02,1,1.115,1.01,0.9058,stepping_stones_s2_d0.50_v0.5_e003,2,20969d4257e2c6cafb45167f1c374f74ffa8eb7245d3ec03c4253c0dc3a78ce4,42,v0.5
stepping_stones,26,4,0.0983,-0.0683,-3.762,False,False,False,False,False,base_contact,8.78,1.5453,6.0,0.2576,0.0974,0.3762,,0.3519,0.025404,False,,-1.2957,0,0.0,,24.356,33.004,30.284,0.3803,0.1599,6.431,0.35526,4.2757,301.372,573.9743,8.4,3,741.459,186.1458,1.66,8,240.134,113.1126,2.36,14,0.0,0.0,0.0,0,1.11,0.9925,0.8941,stepping_stones_s2_d0.50_v0.5_e004,2,20969d4257e2c6cafb45167f1c374f74ffa8eb7245d3ec03c4253c0dc3a78ce4,42,v0.5
stepping_stones,21,3,-0.0572,-0.0834,2.292,False,False,False,False,False,base_contact,6.36,1.8693,6.0,0.3115,0.1196,0.1992,,0.2873,0.02513,False,,-0.8584,1,522.612,6.34,72.803,11.23,21.878,0.3589,0.1255,7.13,0.33169,3.1205,310.733,425.664,5.84,3,548.77,113.7545,0.86,4,317.362,144.1638,2.44,10,522.612,16.2767,0.04,2,1.11,1.0098,0.9097,stepping_stones_s2_d0.50_v0.5_e003,2,20969d4257e2c6cafb45167f1c374f74ffa8eb7245d3ec03c4253c0dc3a78ce4,42,v0.5
stepping_stones,29,4,0.0793,-0.0088,-2.039,False,False,False,True,False,base_contact,2.74,0.9352,6.0,0.1559,0.0413,0.0413,,0.1702,0.034442,False,,0.3575,23,403.762,2.26,18.262,20.39,33.902,0.1892,0.0732,4.915,0.28518,1.0906,320.596,189.4015,2.6,2,78.926,1.6779,0.04,2,95.002,25.1033,0.52,2,1440.008,60.1728,0.48,3,1.0196,0.01,0.0098,stepping_stones_s2_d0.50_v0.5_e004,2,20969d4257e2c6cafb45167f1c374f74ffa8eb7245d3ec03c4253c0dc3a78ce4,42,v0.5
stepping_stones,20,4,0.0477,-0.0016,-3.563,False,False,False,True,False,base_contact,2.8,0.973,6.0,0.1622,0.0387,0.0387,,0.1654,0.034583,False,,0.2283,35,232.565,2.06,23.665,20.996,34.746,0.1964,0.065,4.715,0.27944,1.0749,293.434,181.677,2.66,2,14.268,0.5166,0.04,1,229.46,23.7132,0.42,7,454.195,57.6575,0.72,3,1.0418,0.01,0.0096,stepping_stones_s2_d0.50_v0.5_e004,2,20969d4257e2c6cafb45167f1c374f74ffa8eb7245d3ec03c4253c0dc3a78ce4,42,v0.5
discrete_obstacles,0,2,0.0605,-0.0399,-1.317,True,True,True,True,True,timeout,12.0001,5.4474,6.0,0.9079,0.538,0.539,0.2213,0.0813,0.04098,True,0.463,0.6985,0,0.0,,2.827,5.665,7.182,0.0767,0.0677,4.744,0.22423,8.0702,335.525,828.3833,11.86,2,0.0,0.0,0.0,0,0.0,0.0,0.0,0,0.0,0.0,0.0,0,0.21,0.05,0.2381,discrete_obstacles_s2_d0.50_v0.5_e002,2,20969d4257e2c6cafb45167f1c374f74ffa8eb7245d3ec03c4253c0dc3a78ce4,42,v0.5
discrete_obstacles,1,2,0.0349,-0.0942,0.15,True,True,True,True,True,timeout,12.0001,5.4911,6.0,0.9152,0.2611,0.2654,0.1003,0.0792,0.04089,True,0.4679,0.7342,0,0.0,,3.781,8.788,9.679,0.0766,0.0636,4.714,0.22637,7.4736,311.859,836.3303,11.88,2,0.0,0.0,0.0,0,0.0,0.0,0.0,0,0.0,0.0,0.0,0,0.155,0.05,0.3226,discrete_obstacles_s2_d0.50_v0.5_e002,2,20969d4257e2c6cafb45167f1c374f74ffa8eb7245d3ec03c4253c0dc3a78ce4,42,v0.5
discrete_obstacles,2,2,0.0197,0.0082,0.973,True,True,True,True,True,timeout,12.0001,5.4852,6.0,0.9142,0.3804,0.3829,0.1269,0.0789,0.041117,True,0.4561,0.8447,0,0.0,,3.118,3.541,5.295,0.0732,0.0669,4.639,0.21798,7.5909,372.065,821.8663,11.88,2,0.0,0.0,0.0,0,0.0,0.0,0.0,0,0.0,0.0,0.0,0,0.21,0.05,0.2381,discrete_obstacles_s2_d0.50_v0.5_e002,2,20969d4257e2c6cafb45167f1c374f74ffa8eb7245d3ec03c4253c0dc3a78ce4,42,v0.5
discrete_obstacles,3,2,-0.0918,0.0242,-4.456,True,True,True,True,True,timeout,12.0001,5.4483,6.0,0.9081,0.0807,0.091,0.0129,0.0798,0.040897,True,0.4279,0.7313,0,0.0,,6.209,8.123,10.638,0.0776,0.0662,4.733,0.23575,6.8371,341.868,837.5861,11.88,2,0.0,0.0,0.0,0,15.391,0.3078,0.02,1,0.0,0.0,0.0,0,0.155,0.1486,0.9586,discrete_obstacles_s2_d0.50_v0.5_e002,2,20969d4257e2c6cafb45167f1c374f74ffa8eb7245d3ec03c4253c0dc3a78ce4,42,v0.5
discrete_obstacles,4,2,-0.0669,-0.0536,3.261,True,True,True,True,True,timeout,12.0001,5.4512,6.0,0.9085,0.3377,0.3377,0.1426,0.0792,0.041277,True,0.462,0.8086,0,0.0,,3.304,3.83,4.888,0.0751,0.0647,4.628,0.21541,7.616,257.529,825.2403,11.88,2,0.0,0.0,0.0,0,0.0,0.0,0.0,0,0.0,0.0,0.0,0,0.21,0.05,0.2381,discrete_obstacles_s2_d0.50_v0.5_e002,2,20969d4257e2c6cafb45167f1c374f74ffa8eb7245d3ec03c4253c0dc3a78ce4,42,v0.5
discrete_obstacles,5,2,0.0019,0.019,3.706,True,True,True,True,True,timeout,12.0001,5.4559,6.0,0.9093,0.3706,0.3706,0.1361,0.08,0.041158,True,0.4497,0.8557,0,0.0,,3.146,5.628,5.869,0.0746,0.0673,4.639,0.22054,7.2401,285.625,808.5712,11.88,2,0.0,0.0,0.0,0,0.0,0.0,0.0,0,0.0,0.0,0.0,0,0.21,0.05,0.2381,discrete_obstacles_s2_d0.50_v0.5_e002,2,20969d4257e2c6cafb45167f1c374f74ffa8eb7245d3ec03c4253c0dc3a78ce4,42,v0.5
discrete_obstacles,6,2,0.044,0.0478,4.76,True,True,True,True,True,timeout,12.0001,5.4561,6.0,0.9094,0.3628,0.3644,0.1576,0.081,0.041176,True,0.4625,0.8281,0,0.0,,3.195,4.666,4.986,0.074,0.0683,4.621,0.2188,7.0418,305.557,820.652,11.88,2,0.0,0.0,0.0,0,0.0,0.0,0.0,0,0.0,0.0,0.0,0,0.21,0.05,0.2381,discrete_obstacles_s2_d0.50_v0.5_e002,2,20969d4257e2c6cafb45167f1c374f74ffa8eb7245d3ec03c4253c0dc3a78ce4,42,v0.5
discrete_obstacles,7,2,-0.048,-0.0832,4.276,True,True,True,True,True,timeout,12.0001,5.4688,6.0,0.9115,0.3682,0.3682,0.1332,0.0787,0.041191,True,0.4577,0.829,0,0.0,,3.451,3.937,5.371,0.0739,0.0655,4.641,0.21725,7.9009,279.679,826.0051,11.88,2,0.0,0.0,0.0,0,0.0,0.0,0.0,0,0.0,0.0,0.0,0,0.21,0.05,0.2381,discrete_obstacles_s2_d0.50_v0.5_e002,2,20969d4257e2c6cafb45167f1c374f74ffa8eb7245d3ec03c4253c0dc3a78ce4,42,v0.5
discrete_obstacles,8,2,0.0071,-0.0222,-3.566,True,True,True,True,True,timeout,12.0001,5.5258,6.0,0.921,0.2561,0.2561,0.0581,0.0798,0.04084,True,0.4591,0.7361,0,0.0,,7.024,8.7,10.697,0.0779,0.0633,4.76,0.23601,6.9326,345.716,837.7684,11.86,2,0.0,0.0,0.0,0,0.0,0.0,0.0,0,0.0,0.0,0.0,0,0.155,0.05,0.3226,discrete_obstacles_s2_d0.50_v0.5_e002,2,20969d4257e2c6cafb45167f1c374f74ffa8eb7245d3ec03c4253c0dc3a78ce4,42,v0.5
discrete_obstacles,9,2,0.0604,-0.0755,2.401,True,True,True,True,True,timeout,12.0001,5.4451,6.0,0.9075,0.5032,0.5032,0.2063,0.0805,0.040957,True,0.4517,0.8454,0,0.0,,3.185,4.874,6.148,0.0744,0.0674,4.634,0.21887,7.3949,283.131,822.9473,11.88,2,0.0,0.0,0.0,0,0.0,0.0,0.0,0,0.0,0.0,0.0,0,0.21,0.05,0.2381,discrete_obstacles_s2_d0.50_v0.5_e002,2,20969d4257e2c6cafb45167f1c374f74ffa8eb7245d3ec03c4253c0dc3a78ce4,42,v0.5
wave,10,2,-0.063,0.0064,0.389,True,True,True,True,True,timeout,12.0001,5.487,6.0,0.9145,0.3765,0.3783,0.1326,0.0786,0.041715,True,0.4931,0.0,0,0.0,,3.69,6.645,9.146,0.0715,0.0673,4.606,0.21047,7.168,267.619,833.8982,11.92,2,0.0,0.0,0.0,0,0.0,0.0,0.0,0,0.0,0.0,0.0,0,0.1291,0.0745,0.5768,wave_s2_d0.50_v0.5_e002,2,20969d4257e2c6cafb45167f1c374f74ffa8eb7245d3ec03c4253c0dc3a78ce4,42,v0.5
wave,11,2,-0.0213,-0.0897,-1.446,True,True,True,True,True,timeout,12.0001,5.4659,6.0,0.911,0.4242,0.4242,0.1194,0.0773,0.041786,True,0.4816,-0.0854,0,0.0,,3.802,6.54,8.986,0.0716,0.0655,4.605,0.2096,7.1664,271.754,835.1285,11.92,2,0.0,0.0,0.0,0,0.0,0.0,0.0,0,0.0,0.0,0.0,0,0.1336,0.0717,0.5371,wave_s2_d0.50_v0.5_e002,2,20969d4257e2c6cafb45167f1c374f74ffa8eb7245d3ec03c4253c0dc3a78ce4,42,v0.5
wave,12,2,0.033,-0.0325,3.706,True,True,True,True,True,timeout,12.0001,5.5075,6.0,0.9179,0.3135,0.3151,0.0675,0.0765,0.041871,True,0.4798,-0.0728,0,0.0,,3.764,6.519,9.089,0.0704,0.0655,4.587,0.21209,7.5902,303.218,830.9697,11.94,2,0.0,0.0,0.0,0,0.0,0.0,0.0,0,0.0,0.0,0.0,0,0.1377,0.0792,0.575,wave_s2_d0.50_v0.5_e002,2,20969d4257e2c6cafb45167f1c374f74ffa8eb7245d3ec03c4253c0dc3a78ce4,42,v0.5
wave,13,2,0.0849,-0.0174,-4.56,True,True,True,True,True,timeout,12.0001,5.4703,6.0,0.9117,0.4303,0.4303,0.0746,0.0779,0.041815,True,0.4976,-0.0765,0,0.0,,3.618,7.028,9.466,0.0698,0.0674,4.607,0.20841,7.2113,300.666,835.9743,11.94,2,0.0,0.0,0.0,0,0.0,0.0,0.0,0,0.0,0.0,0.0,0,0.1372,0.0755,0.5504,wave_s2_d0.50_v0.5_e002,2,20969d4257e2c6cafb45167f1c374f74ffa8eb7245d3ec03c4253c0dc3a78ce4,42,v0.5
wave,14,2,-0.0146,-0.0594,1.207,True,True,True,True,True,timeout,12.0001,5.4935,6.0,0.9156,0.4119,0.4127,0.1144,0.0772,0.041787,True,0.4737,-0.0667,0,0.0,,3.943,6.467,8.992,0.0708,0.0663,4.607,0.21013,7.546,360.093,837.3942,11.92,2,0.0,0.0,0.0,0,0.0,0.0,0.0,0,0.0,0.0,0.0,0,0.1264,0.0739,0.5847,wave_s2_d0.50_v0.5_e002,2,20969d4257e2c6cafb45167f1c374f74ffa8eb7245d3ec03c4253c0dc3a78ce4,42,v0.5
wave,15,2,-0.0818,0.0121,-2.143,True,True,True,True,True,timeout,12.0001,5.491,6.0,0.9152,0.4538,0.4538,0.1466,0.0774,0.041796,True,0.5143,-0.08,0,0.0,,3.833,6.874,9.38,0.071,0.0665,4.599,0.20857,7.3513,349.975,834.924,11.92,2,0.0,0.0,0.0,0,0.0,0.0,0.0,0,0.0,0.0,0.0,0,0.1231,0.0711,0.5775,wave_s2_d0.50_v0.5_e002,2,20969d4257e2c6cafb45167f1c374f74ffa8eb7245d3ec03c4253c0dc3a78ce4,42,v0.5
wave,16,2,-0.0858,-0.0138,-2.961,True,True,True,True,True,timeout,12.0001,5.486,6.0,0.9143,0.4212,0.4212,0.1454,0.0776,0.041725,True,0.5191,-0.0829,0,0.0,,3.853,6.87,9.414,0.0714,0.0662,4.603,0.20913,7.1863,237.708,828.1534,11.92,2,0.0,0.0,0.0,0,0.0,0.0,0.0,0,0.0,0.0,0.0,0,0.1261,0.0718,0.5698,wave_s2_d0.50_v0.5_e002,2,20969d4257e2c6cafb45167f1c374f74ffa8eb7245d3ec03c4253c0dc3a78ce4,42,v0.5
wave,17,2,0.0537,-0.01,3.138,True,True,True,True,True,timeout,12.0001,5.5109,6.0,0.9185,0.3977,0.3977,0.1206,0.0771,0.041793,True,0.501,-0.0796,0,0.0,,3.805,6.451,9.029,0.0696,0.067,4.587,0.21233,7.7613,297.746,835.0831,11.94,2,0.0,0.0,0.0,0,0.0,0.0,0.0,0,0.0,0.0,0.0,0,0.14,0.0841,0.6008,wave_s2_d0.50_v0.5_e002,2,20969d4257e2c6cafb45167f1c374f74ffa8eb7245d3ec03c4253c0dc3a78ce4,42,v0.5
wave,18,2,0.091,0.0886,-3.847,True,True,True,True,True,timeout,12.0001,5.4736,6.0,0.9123,0.3548,0.3556,0.0868,0.0777,0.041854,True,0.49,-0.0821,0,0.0,,3.801,6.494,8.951,0.0698,0.0668,4.578,0.20804,7.4682,292.327,836.4183,11.94,2,0.0,0.0,0.0,0,0.0,0.0,0.0,0,0.0,0.0,0.0,0,0.1237,0.0712,0.5755,wave_s2_d0.50_v0.5_e002,2,20969d4257e2c6cafb45167f1c374f74ffa8eb7245d3ec03c4253c0dc3a78ce4,42,v0.5
wave,19,2,-0.0591,0.0474,1.623,True,True,True,True,True,timeout,12.0001,5.5307,6.0,0.9218,0.3028,0.3028,0.098,0.0762,0.041756,True,0.5257,-0.0668,0,0.0,,3.489,6.686,9.346,0.0701,0.0657,4.59,0.21172,8.028,337.679,832.0345,11.92,2,0.0,0.0,0.0,0,0.0,0.0,0.0,0,0.0,0.0,0.0,0,0.1359,0.0781,0.5746,wave_s2_d0.50_v0.5_e002,2,20969d4257e2c6cafb45167f1c374f74ffa8eb7245d3ec03c4253c0dc3a78ce4,42,v0.5
stepping_stones,22,2,-0.0007,0.0663,3.589,False,True,False,False,False,timeout,12.0001,1.2241,6.0,0.204,0.2425,0.2427,,0.4093,0.025717,False,,-0.0794,432,1515.954,0.0,79.979,20.523,34.873,0.4368,0.0678,6.832,0.15834,2.7217,316.762,669.401,11.86,2,720.568,572.8994,6.9,1,204.891,94.3936,1.96,8,1515.954,805.8129,8.64,2,1.115,1.01,0.9058,stepping_stones_s2_d0.50_v0.5_e002,2,20969d4257e2c6cafb45167f1c374f74ffa8eb7245d3ec03c4253c0dc3a78ce4,42,v0.5
stepping_stones,27,2,-0.078,0.018,2.354,False,True,False,False,False,timeout,12.0001,1.3184,6.0,0.2197,0.2835,0.2906,,0.401,0.026434,False,,-0.1498,424,365.364,0.0,30.816,39.573,53.808,0.425,0.0732,6.185,0.19749,2.0013,319.142,668.2383,11.84,3,520.044,955.937,8.62,6,518.09,147.7505,8.04,16,365.364,1119.109,8.48,2,1.11,0.3995,0.36,stepping_stones_s2_d0.50_v0.5_e002,2,20969d4257e2c6cafb45167f1c374f74ffa8eb7245d3ec03c4253c0dc3a78ce4,42,v0.5
stepping_stones,28,2,-0.0076,-0.085,-0.968,False,True,False,False,False,timeout,12.0001,1.7916,6.0,0.2986,0.1818,0.3448,,0.3793,0.025043,False,,-0.7933,375,2122.474,0.0,87.168,13.215,21.159,0.4125,0.0868,5.679,0.29946,2.7237,368.2,433.226,11.7,6,116.369,32.7448,0.92,3,514.041,304.6538,8.02,17,2122.474,513.9757,7.5,4,1.11,0.9698,0.8737,stepping_stones_s2_d0.50_v0.5_e002,2,20969d4257e2c6cafb45167f1c374f74ffa8eb7245d3ec03c4253c0dc3a78ce4,42,v0.5
gap,30,2,0.0626,-0.0547,3.718,True,True,True,True,True,timeout,12.0001,5.7305,6.0,0.9551,0.3005,0.3315,0.3247,0.0943,0.040227,True,0.4752,1.3428,0,0.0,,7.01,6.717,6.717,0.0969,0.0702,4.967,0.25368,7.4043,197.767,843.0358,11.96,2,121.158,2.4232,0.02,1,531.334,44.9744,0.6,2,0.0,0.0,0.0,0,0.0,0.0,,gap_s2_d0.50_v0.5_e002,2,20969d4257e2c6cafb45167f1c374f74ffa8eb7245d3ec03c4253c0dc3a78ce4,42,v0.5
gap,32,2,-0.0276,-0.0392,-0.849,True,True,True,True,True,timeout,12.0001,5.7781,6.0,0.963,0.2513,0.262,0.2438,0.0898,0.040682,True,0.4336,1.3985,0,0.0,,6.49,7.474,7.474,0.0902,0.0672,4.939,0.2711,6.8329,205.951,853.1537,11.96,2,0.0,0.0,0.0,0,547.883,37.7759,0.54,2,0.0,0.0,0.0,0,0.0,0.0,,gap_s2_d0.50_v0.5_e002,2,20969d4257e2c6cafb45167f1c374f74ffa8eb7245d3ec03c4253c0dc3a78ce4,42,v0.5
gap,33,2,-0.0933,0.0992,2.104,True,True,True,True,True,timeout,12.0001,5.7706,6.0,0.9618,0.2802,0.3103,0.3032,0.0941,0.04024,True,0.475,1.3675,0,0.0,,6.531,5.95,5.95,0.0996,0.0681,4.904,0.25414,7.0858,166.054,844.3193,11.96,2,0.0,0.0,0.0,0,649.262,53.6716,0.6,2,0.0,0.0,0.0,0,0.0,0.0,,gap_s2_d0.50_v0.5_e002,2,20969d4257e2c6cafb45167f1c374f74ffa8eb7245d3ec03c4253c0dc3a78ce4,42,v0.5
gap,35,2,-0.0132,0.0354,-4.063,True,True,True,True,True,timeout,12.0001,5.7942,6.0,0.9657,0.0895,0.0917,0.0506,0.0927,0.040455,True,0.4553,1.5788,0,0.0,,6.827,5.817,5.817,0.0995,0.0652,4.881,0.25015,7.3531,234.622,844.2537,11.96,2,0.0,0.0,0.0,0,375.574,48.37,0.62,2,0.0,0.0,0.0,0,0.0,0.0,,gap_s2_d0.50_v0.5_e002,2,20969d4257e2c6cafb45167f1c374f74ffa8eb7245d3ec03c4253c0dc3a78ce4,42,v0.5
gap,36,2,-0.0063,-0.0072,0.118,True,True,True,True,True,timeout,12.0001,5.7358,6.0,0.956,0.3439,0.345,0.2475,0.0963,0.040396,True,0.44,1.4934,0,0.0,,6.069,7.325,7.325,0.104,0.0661,4.971,0.26218,7.4595,198.242,833.4585,11.96,2,0.0,0.0,0.0,0,227.418,53.8321,0.8,2,0.0,0.0,0.0,0,0.0,0.0,,gap_s2_d0.50_v0.5_e002,2,20969d4257e2c6cafb45167f1c374f74ffa8eb7245d3ec03c4253c0dc3a78ce4,42,v0.5
gap,37,2,-0.041,-0.0857,1.76,True,True,True,True,True,timeout,12.0001,5.767,6.0,0.9612,0.3347,0.3382,0.3232,0.0927,0.040537,True,0.4598,1.3934,0,0.0,,6.941,6.513,6.513,0.0929,0.0688,4.901,0.26542,6.5011,209.872,852.2966,11.96,2,0.0,0.0,0.0,0,410.626,36.413,0.54,2,0.0,0.0,0.0,0,0.0,0.0,,gap_s2_d0.50_v0.5_e002,2,20969d4257e2c6cafb45167f1c374f74ffa8eb7245d3ec03c4253c0dc3a78ce4,42,v0.5
gap,39,2,0.0299,0.099,3.769,True,True,True,True,True,timeout,12.0001,5.6928,6.0,0.9488,0.4509,0.4555,0.3884,0.096,0.040277,True,0.4486,1.2938,0,0.0,,7.278,7.662,7.662,0.0971,0.0728,4.989,0.27205,6.9544,132.331,852.0269,11.96,2,181.993,6.9732,0.04,2,715.016,46.5468,0.58,3,0.0,0.0,0.0,0,0.0,0.0,,gap_s2_d0.50_v0.5_e002,2,20969d4257e2c6cafb45167f1c374f74ffa8eb7245d3ec03c4253c0dc3a78ce4,42,v0.5
pit,40,2,0.0887,0.0657,-0.972,True,True,True,True,True,timeout,12.0001,5.6406,6.0,0.9401,0.1442,0.1548,0.1356,0.0789,0.041621,True,0.4673,0.8416,0,0.0,,6.649,15.152,24.857,0.0698,0.0627,4.714,0.24593,6.7228,127.446,833.918,11.98,2,0.0,0.0,0.0,0,83.973,1.6795,0.02,1,0.0,0.0,0.0,0,0.2,0.2,1.0,pit_s2_d0.50_v0.5_e002,2,20969d4257e2c6cafb45167f1c374f74ffa8eb7245d3ec03c4253c0dc3a78ce4,42,v0.5
pit,41,2,-0.0316,-0.0779,-3.806,True,True,True,True,True,timeout,12.0001,5.6278,6.0,0.938,0.2137,0.2244,0.1481,0.079,0.041846,True,0.4703,0.8415,0,0.0,,7.13,14.901,24.86,0.0686,0.0636,4.694,0.23395,6.7909,121.241,828.9794,11.96,2,0.0,0.0,0.0,0,0.0,0.0,0.0,0,0.0,0.0,0.0,0,0.2,0.2,1.0,pit_s2_d0.50_v0.5_e002,2,20969d4257e2c6cafb45167f1c374f74ffa8eb7245d3ec03c4253c0dc3a78ce4,42,v0.5
pit,42,2,0.0825,0.0691,-4.296,True,True,True,True,True,timeout,12.0001,5.6413,6.0,0.9402,0.1419,0.1562,0.1374,0.0784,0.041677,True,0.4691,0.8365,0,0.0,,6.849,15.113,24.849,0.0702,0.062,4.713,0.24646,6.8408,147.101,833.4794,11.96,2,0.0,0.0,0.0,0,78.987,1.5797,0.02,1,0.0,0.0,0.0,0,0.2,0.2,1.0,pit_s2_d0.50_v0.5_e002,2,20969d4257e2c6cafb45167f1c374f74ffa8eb7245d3ec03c4253c0dc3a78ce4,42,v0.5
pit,43,2,0.051,0.0694,0.765,True,True,True,True,True,timeout,12.0001,5.6408,6.0,0.9401,0.1441,0.1569,0.1292,0.0782,0.041689,True,0.4693,0.8366,0,0.0,,6.633,15.131,24.932,0.0698,0.0617,4.7,0.24457,6.9176,133.731,832.7535,11.98,2,0.0,0.0,0.0,0,74.404,1.4881,0.02,1,0.0,0.0,0.0,0,0.2,0.2,1.0,pit_s2_d0.50_v0.5_e002,2,20969d4257e2c6cafb45167f1c374f74ffa8eb7245d3ec03c4253c0dc3a78ce4,42,v0.5
pit,44,2,0.0065,-0.0291,3.561,True,True,True,True,True,timeout,12.0001,5.641,6.0,0.9402,0.2391,0.2419,0.1444,0.0784,0.041809,True,0.4691,0.8435,0,0.0,,6.808,14.846,24.703,0.0701,0.062,4.696,0.23988,6.9773,124.455,830.2671,11.96,2,0.0,0.0,0.0,0,0.0,0.0,0.0,0,0.0,0.0,0.0,0,0.2,0.2,1.0,pit_s2_d0.50_v0.5_e002,2,20969d4257e2c6cafb45167f1c374f74ffa8eb7245d3ec03c4253c0dc3a78ce4,42,v0.5
pit,45,2,-0.0005,0.0772,2.255,True,True,True,True,True,timeout,12.0001,5.6407,6.0,0.9401,0.2262,0.235,0.1522,0.0788,0.041841,True,0.4677,0.8417,0,0.0,,6.924,15.011,24.813,0.0693,0.0629,4.684,0.23738,7.1507,119.783,831.8295,11.96,2,0.0,0.0,0.0,0,0.0,0.0,0.0,0,0.0,0.0,0.0,0,0.2,0.2,1.0,pit_s2_d0.50_v0.5_e002,2,20969d4257e2c6cafb45167f1c374f74ffa8eb7245d3ec03c4253c0dc3a78ce4,42,v0.5
pit,46,2,-0.0746,-0.0496,3.256,True,True,True,True,True,timeout,12.0001,5.6194,6.0,0.9366,0.1933,0.1966,0.1158,0.0794,0.041868,True,0.4661,0.8437,0,0.0,,6.707,14.906,24.678,0.068,0.0648,4.695,0.2305,7.0318,104.363,826.169,11.98,2,0.0,0.0,0.0,0,0.0,0.0,0.0,0,0.0,0.0,0.0,0,0.2,0.2,1.0,pit_s2_d0.50_v0.5_e002,2,20969d4257e2c6cafb45167f1c374f74ffa8eb7245d3ec03c4253c0dc3a78ce4,42,v0.5
pit,47,2,0.0204,0.0489,-4.64,True,True,True,True,True,timeout,12.0001,5.6406,6.0,0.9401,0.2321,0.2387,0.1706,0.0792,0.041744,True,0.4659,0.8442,0,0.0,,7.208,14.99,24.749,0.0698,0.0631,4.688,0.23653,6.7985,144.821,834.6669,11.98,2,0.0,0.0,0.0,0,0.0,0.0,0.0,0,0.0,0.0,0.0,0,0.2,0.2,1.0,pit_s2_d0.50_v0.5_e002,2,20969d4257e2c6cafb45167f1c374f74ffa8eb7245d3ec03c4253c0dc3a78ce4,42,v0.5
pit,48,2,-0.0974,-0.0427,3.501,True,True,True,True,True,timeout,12.0001,5.6097,6.0,0.935,0.2454,0.2537,0.1521,0.0782,0.041722,True,0.4743,0.8445,0,0.0,,6.154,15.488,25.383,0.0669,0.0642,4.73,0.23225,7.2747,117.592,826.9943,11.98,2,0.0,0.0,0.0,0,0.0,0.0,0.0,0,0.0,0.0,0.0,0,0.2,0.2,1.0,pit_s2_d0.50_v0.5_e002,2,20969d4257e2c6cafb45167f1c374f74ffa8eb7245d3ec03c4253c0dc3a78ce4,42,v0.5
pit,49,2,0.0695,-0.0119,-2.75,True,True,True,True,True,timeout,12.0001,5.6357,6.0,0.9393,0.1334,0.1447,0.1296,0.0783,0.041739,True,0.4673,0.8469,0,0.0,,6.732,15.077,24.744,0.0703,0.0617,4.7,0.24599,6.7721,144.832,833.592,11.96,2,0.0,0.0,0.0,0,62.687,1.2537,0.02,1,0.0,0.0,0.0,0,0.2,0.2,1.0,pit_s2_d0.50_v0.5_e002,2,20969d4257e2c6cafb45167f1c374f74ffa8eb7245d3ec03c4253c0dc3a78ce4,42,v0.5
rails,50,2,-0.0439,0.0519,-1.685,True,True,True,True,True,timeout,12.0001,5.5393,6.0,0.9232,0.1452,0.1525,0.018,0.0815,0.041308,True,0.3838,0.7683,0,0.0,,4.978,4.754,5.235,0.0684,0.0715,4.717,0.25642,5.3375,140.325,842.9452,11.96,2,0.0,0.0,0.0,0,277.811,40.5101,0.7,4,0.0,0.0,0.0,0,0.115,0.115,1.0,rails_s2_d0.50_v0.5_e002,2,20969d4257e2c6cafb45167f1c374f74ffa8eb7245d3ec03c4253c0dc3a78ce4,42,v0.5
rails,51,2,-0.0696,0.0513,4.329,True,True,True,True,True,timeout,12.0001,5.4905,6.0,0.9151,0.3231,0.3306,0.1356,0.082,0.04136,True,0.4365,0.6266,0,0.0,,3.008,5.634,6.191,0.0678,0.072,4.752,0.26006,5.9836,185.814,840.4429,11.96,2,0.0,0.0,0.0,0,179.515,100.783,1.64,4,0.0,0.0,0.0,0,0.115,0.115,1.0,rails_s2_d0.50_v0.5_e002,2,20969d4257e2c6cafb45167f1c374f74ffa8eb7245d3ec03c4253c0dc3a78ce4,42,v0.5
rails,52,2,-0.0924,0.091,3.152,True,True,True,True,True,timeout,12.0001,5.5266,6.0,0.9211,0.3434,0.3478,0.1421,0.0822,0.041499,True,0.4724,0.4904,0,0.0,,3.031,4.545,5.157,0.0716,0.069,4.67,0.25373,5.434,123.718,844.2402,11.98,2,0.0,0.0,0.0,0,165.422,68.5775,1.32,5,0.0,0.0,0.0,0,0.115,0.115,1.0,rails_s2_d0.50_v0.5_e002,2,20969d4257e2c6cafb45167f1c374f74ffa8eb7245d3ec03c4253c0dc3a78ce4,42,v0.5
rails,53,2,-0.0138,-0.0796,-1.325,True,True,True,True,True,timeout,12.0001,5.5433,6.0,0.9239,0.0359,0.0948,0.0687,0.0803,0.041171,True,0.436,0.7475,0,0.0,,4.621,5.795,6.316,0.0673,0.0683,4.748,0.26341,5.71,191.474,850.0245,11.96,2,0.0,0.0,0.0,0,260.187,48.157,0.9,5,0.0,0.0,0.0,0,0.115,0.115,1.0,rails_s2_d0.50_v0.5_e002,2,20969d4257e2c6cafb45167f1c374f74ffa8eb7245d3ec03c4253c0dc3a78ce4,42,v0.5
rails,54,2,0.0263,0.0198,1.319,True,True,True,True,True,timeout,12.0001,5.4198,6.0,0.9033,0.3976,0.4017,0.1908,0.0887,0.04095,True,0.4899,0.119,0,0.0,,5.703,4.733,5.424,0.0845,0.073,4.75,0.26263,5.5305,156.083,854.334,11.98,2,232.251,5.6942,0.06,1,107.142,36.4418,0.84,5,0.0,0.0,0.0,0,0.115,0.115,1.0,rails_s2_d0.50_v0.5_e002,2,20969d4257e2c6cafb45167f1c374f74ffa8eb7245d3ec03c4253c0dc3a78ce4,42,v0.5
rails,55,2,-0.0439,-0.0761,-0.78,True,True,True,True,True,timeout,12.0001,5.4637,6.0,0.9106,0.3921,0.3921,0.1105,0.0812,0.041047,True,0.3512,0.7636,0,0.0,,3.191,6.823,7.547,0.0679,0.0711,4.792,0.26866,5.5543,172.757,843.7089,11.98,2,0.0,0.0,0.0,0,153.442,59.3938,1.04,4,0.0,0.0,0.0,0,0.115,0.115,1.0,rails_s2_d0.50_v0.5_e002,2,20969d4257e2c6cafb45167f1c374f74ffa8eb7245d3ec03c4253c0dc3a78ce4,42,v0.5
rails,56,2,0.032,-0.0746,2.009,True,True,True,True,True,timeout,12.0001,5.4236,6.0,0.9039,0.3377,0.3414,0.1615,0.089,0.041049,True,0.4996,0.0981,0,0.0,,5.498,5.023,5.622,0.0832,0.073,4.778,0.25824,5.7045,119.726,851.5155,11.96,2,8.481,0.1696,0.02,1,118.23,36.2938,0.9,4,0.0,0.0,0.0,0,0.115,0.115,1.0,rails_s2_d0.50_v0.5_e002,2,20969d4257e2c6cafb45167f1c374f74ffa8eb7245d3ec03c4253c0dc3a78ce4,42,v0.5
rails,57,2,0.0666,0.0434,0.135,True,True,True,True,True,timeout,12.0001,5.6181,6.0,0.9363,0.0422,0.0422,0.0155,0.0797,0.041503,True,0.562,0.8151,0,0.0,,3.122,5.089,5.489,0.066,0.0684,4.65,0.25161,5.8663,118.082,844.6657,11.96,2,0.0,0.0,0.0,0,111.5,72.9742,1.4,4,0.0,0.0,0.0,0,0.115,0.115,1.0,rails_s2_d0.50_v0.5_e002,2,20969d4257e2c6cafb45167f1c374f74ffa8eb7245d3ec03c4253c0dc3a78ce4,42,v0.5
rails,58,2,-0.0834,-0.078,-4.707,True,True,True,True,True,timeout,12.0001,5.3741,6.0,0.8957,0.5621,0.5621,0.1599,0.0851,0.040951,True,0.4565,0.2232,0,0.0,,5.06,6.035,6.199,0.0804,0.0725,4.857,0.27372,5.0878,128.857,849.7402,11.96,2,0.0,0.0,0.0,0,118.751,88.9666,1.74,7,0.0,0.0,0.0,0,0.115,0.115,1.0,rails_s2_d0.50_v0.5_e002,2,20969d4257e2c6cafb45167f1c374f74ffa8eb7245d3ec03c4253c0dc3a78ce4,42,v0.5
rails,59,2,-0.0208,0.0672,-3.987,True,True,True,True,True,timeout,12.0001,5.485,6.0,0.9142,0.1602,0.1602,0.0269,0.0809,0.041203,True,0.3763,0.7605,0,0.0,,3.231,8.558,9.152,0.0673,0.0688,4.802,0.26244,5.4613,151.667,845.0356,11.98,2,0.0,0.0,0.0,0,128.851,63.8728,1.14,4,0.0,0.0,0.0,0,0.115,0.115,1.0,rails_s2_d0.50_v0.5_e002,2,20969d4257e2c6cafb45167f1c374f74ffa8eb7245d3ec03c4253c0dc3a78ce4,42,v0.5
star,60,2,-0.0901,0.0022,-1.033,True,True,True,True,True,timeout,12.0001,5.5883,6.0,0.9314,0.6398,0.6416,0.1972,0.0773,0.041893,True,0.4727,0.8649,0,0.0,,6.699,3.848,6.321,0.0611,0.0715,4.618,0.21169,7.9619,163.581,849.7532,11.96,2,0.0,0.0,0.0,0,0.0,0.0,0.0,0,0.0,0.0,0.0,0,0.105,0.105,1.0,star_s2_d0.50_v0.5_e002,2,20969d4257e2c6cafb45167f1c374f74ffa8eb7245d3ec03c4253c0dc3a78ce4,42,v0.5
star,61,2,0.0271,0.0701,3.98,True,True,True,True,True,timeout,12.0001,5.6808,6.0,0.9468,0.3921,0.3924,0.1909,0.0771,0.041884,True,0.4437,0.7998,0,0.0,,6.701,7.279,11.095,0.0676,0.0665,4.516,0.22684,5.3185,129.668,849.071,11.96,2,0.0,0.0,0.0,0,100.614,7.0489,0.18,2,0.0,0.0,0.0,0,0.105,0.105,1.0,star_s2_d0.50_v0.5_e002,2,20969d4257e2c6cafb45167f1c374f74ffa8eb7245d3ec03c4253c0dc3a78ce4,42,v0.5
star,62,2,0.0424,-0.0654,-0.247,True,True,True,True,True,timeout,12.0001,5.535,6.0,0.9225,0.7257,0.7257,0.2186,0.0801,0.04169,True,0.4761,0.8409,0,0.0,,6.216,4.565,6.637,0.0638,0.073,4.678,0.2224,8.0225,163.379,845.2745,11.96,2,0.0,0.0,0.0,0,89.595,9.488,0.18,1,0.0,0.0,0.0,0,0.105,0.105,1.0,star_s2_d0.50_v0.5_e002,2,20969d4257e2c6cafb45167f1c374f74ffa8eb7245d3ec03c4253c0dc3a78ce4,42,v0.5
star,63,2,0.0947,0.0573,-0.602,True,True,True,True,True,timeout,12.0001,5.6951,6.0,0.9492,0.6575,0.6575,0.281,0.0778,0.041885,True,0.5849,0.8199,0,0.0,,7.167,7.057,9.974,0.0661,0.0698,4.635,0.21878,7.5224,134.306,848.3392,11.96,2,0.0,0.0,0.0,0,99.546,15.5709,0.32,2,0.0,0.0,0.0,0,0.105,0.105,1.0,star_s2_d0.50_v0.5_e002,2,20969d4257e2c6cafb45167f1c374f74ffa8eb7245d3ec03c4253c0dc3a78ce4,42,v0.5
star,64,2,-0.0565,0.0749,-1.37,True,True,True,True,True,timeout,12.0001,5.6447,6.0,0.9408,0.7743,0.7743,0.2898,0.0789,0.041841,True,0.4916,0.8373,0,0.0,,7.424,6.6,9.895,0.0628,0.0725,4.679,0.22299,7.4782,184.561,863.4504,11.96,2,0.0,0.0,0.0,0,105.582,4.3158,0.16,4,0.0,0.0,0.0,0,0.105,0.105,1.0,star_s2_d0.50_v0.5_e002,2,20969d4257e2c6cafb45167f1c374f74ffa8eb7245d3ec03c4253c0dc3a78ce4,42,v0.5
star,65,2,0.0319,-0.0185,-0.194,True,True,True,True,True,timeout,12.0001,5.6205,6.0,0.9368,0.6674,0.6674,0.2557,0.0785,0.04185,True,0.5592,0.7935,0,0.0,,6.579,6.711,9.518,0.0638,0.0723,4.653,0.21793,7.8287,112.929,850.3502,11.96,2,0.0,0.0,0.0,0,0.0,0.0,0.0,0,0.0,0.0,0.0,0,0.105,0.105,1.0,star_s2_d0.50_v0.5_e002,2,20969d4257e2c6cafb45167f1c374f74ffa8eb7245d3ec03c4253c0dc3a78ce4,42,v0.5
star,66,2,-0.0056,0.0061,-0.879,True,True,True,True,True,timeout,12.0001,5.5837,6.0,0.9306,0.7177,0.7177,0.1994,0.08,0.041443,True,0.4853,0.8188,0,0.0,,6.647,4.893,6.681,0.0638,0.0748,4.744,0.23316,8.5088,138.157,844.8958,11.96,2,0.0,0.0,0.0,0,80.673,12.5902,0.26,1,0.0,0.0,0.0,0,0.105,0.105,1.0,star_s2_d0.50_v0.5_e002,2,20969d4257e2c6cafb45167f1c374f74ffa8eb7245d3ec03c4253c0dc3a78ce4,42,v0.5
star,67,2,-0.0514,0.0475,-4.94,True,True,True,True,True,timeout,12.0001,5.4698,6.0,0.9116,0.5214,0.5214,0.1838,0.0794,0.041979,True,0.4795,0.8499,0,0.0,,3.034,3.796,6.101,0.0633,0.07,4.556,0.19979,9.0025,142.835,832.6439,11.98,2,0.0,0.0,0.0,0,0.0,0.0,0.0,0,0.0,0.0,0.0,0,0.105,0.0,0.0001,star_s2_d0.50_v0.5_e002,2,20969d4257e2c6cafb45167f1c374f74ffa8eb7245d3ec03c4253c0dc3a78ce4,42,v0.5
star,68,2,-0.0413,0.0786,-2.385,True,True,True,True,True,timeout,12.0001,5.6537,6.0,0.9423,0.7723,0.7723,0.2717,0.0786,0.041591,True,0.5617,0.8614,0,0.0,,6.94,4.991,7.308,0.0629,0.0731,4.715,0.2308,8.1174,142.862,857.0961,11.96,2,0.0,0.0,0.0,0,100.7,14.2366,0.28,1,0.0,0.0,0.0,0,0.105,0.105,1.0,star_s2_d0.50_v0.5_e002,2,20969d4257e2c6cafb45167f1c374f74ffa8eb7245d3ec03c4253c0dc3a78ce4,42,v0.5
star,69,2,-0.0597,0.0342,-2.557,True,True,True,True,True,timeout,12.0001,5.5238,6.0,0.9206,0.5692,0.5692,0.1929,0.0769,0.041984,True,0.4827,0.8373,0,0.0,,5.399,3.517,5.858,0.0604,0.0711,4.594,0.20106,8.9719,140.376,837.6082,11.96,2,0.0,0.0,0.0,0,0.0,0.0,0.0,0,0.0,0.0,0.0,0,0.105,0.0,0.0001,star_s2_d0.50_v0.5_e002,2,20969d4257e2c6cafb45167f1c374f74ffa8eb7245d3ec03c4253c0dc3a78ce4,42,v0.5
floating_ring,70,2,0.0576,0.0475,-2.351,True,True,True,True,True,timeout,12.0001,5.5456,6.0,0.9243,0.0472,0.1627,0.1296,0.0846,0.041152,True,0.44,0.6176,0,0.0,,7.744,13.554,19.154,0.0784,0.0658,4.692,0.25409,6.8618,119.934,851.3654,11.98,2,0.0,0.0,0.0,0,330.645,37.088,0.72,6,0.0,0.0,0.0,0,0.225,0.225,1.0,floating_ring_s2_d0.50_v0.5_e002,2,20969d4257e2c6cafb45167f1c374f74ffa8eb7245d3ec03c4253c0dc3a78ce4,42,v0.5
floating_ring,71,2,-0.0985,-0.0914,-2.589,True,True,True,True,True,timeout,12.0001,5.512,6.0,0.9187,0.845,0.845,0.3754,0.0871,0.040956,True,0.4244,0.8027,0,0.0,,5.473,14.036,18.908,0.079,0.0683,4.774,0.26719,6.7339,195.24,846.0793,11.98,2,0.0,0.0,0.0,0,92.34,14.5083,0.32,3,0.0,0.0,0.0,0,0.225,0.225,1.0,floating_ring_s2_d0.50_v0.5_e002,2,20969d4257e2c6cafb45167f1c374f74ffa8eb7245d3ec03c4253c0dc3a78ce4,42,v0.5
floating_ring,72,2,-0.0968,-0.0791,-4.548,True,True,True,True,True,timeout,12.0001,5.492,6.0,0.9153,0.5976,0.5976,0.2434,0.0862,0.040884,True,0.4363,0.7264,0,0.0,,4.135,14.617,19.659,0.078,0.0667,4.775,0.27144,6.8329,197.77,849.1429,11.96,2,0.0,0.0,0.0,0,87.167,18.4868,0.42,3,0.0,0.0,0.0,0,0.225,0.225,1.0,floating_ring_s2_d0.50_v0.5_e002,2,20969d4257e2c6cafb45167f1c374f74ffa8eb7245d3ec03c4253c0dc3a78ce4,42,v0.5
floating_ring,73,2,-0.0208,-0.03,0.141,True,True,True,True,True,timeout,12.0001,5.376,6.0,0.896,0.0769,0.1799,0.1021,0.0924,0.041223,True,0.4827,0.6562,0,0.0,,7.158,15.555,21.21,0.0899,0.0633,4.68,0.24505,7.1503,192.067,840.1232,11.96,2,0.0,0.0,0.0,0,134.665,39.2729,0.76,6,0.0,0.0,0.0,0,0.225,0.225,1.0,floating_ring_s2_d0.50_v0.5_e002,2,20969d4257e2c6cafb45167f1c374f74ffa8eb7245d3ec03c4253c0dc3a78ce4,42,v0.5
floating_ring,74,2,0.0198,-0.096,4.084,True,True,True,True,True,timeout,12.0001,5.4463,6.0,0.9077,0.1501,0.1673,0.1501,0.0891,0.041137,True,0.4386,0.6192,0,0.0,,7.541,14.448,19.286,0.0841,0.0647,4.668,0.24738,6.1156,146.286,847.7936,11.98,2,0.0,0.0,0.0,0,137.744,21.3286,0.5,2,0.0,0.0,0.0,0,0.225,0.225,1.0,floating_ring_s2_d0.50_v0.5_e002,2,20969d4257e2c6cafb45167f1c374f74ffa8eb7245d3ec03c4253c0dc3a78ce4,42,v0.5
floating_ring,75,2,-0.0471,0.076,1.249,True,True,True,True,True,timeout,12.0001,5.5051,6.0,0.9175,0.0368,0.093,0.0657,0.0874,0.041109,True,0.4767,0.7799,0,0.0,,6.94,15.53,21.208,0.0794,0.0658,4.698,0.24208,6.6146,132.316,847.9622,11.98,2,0.0,0.0,0.0,0,382.435,20.1025,0.28,3,0.0,0.0,0.0,0,0.225,0.225,1.0,floating_ring_s2_d0.50_v0.5_e002,2,20969d4257e2c6cafb45167f1c374f74ffa8eb7245d3ec03c4253c0dc3a78ce4,42,v0.5
floating_ring,76,2,0.0053,0.0431,-4.778,True,True,True,True,True,timeout,12.0001,5.4006,6.0,0.9001,0.1068,0.1742,0.084,0.0917,0.04092,True,0.4823,0.6275,0,0.0,,7.287,15.548,20.897,0.0857,0.0658,4.67,0.2434,6.5973,154.929,842.0946,11.98,2,0.0,0.0,0.0,0,115.971,41.7524,0.88,6,0.0,0.0,0.0,0,0.225,0.225,1.0,floating_ring_s2_d0.50_v0.5_e002,2,20969d4257e2c6cafb45167f1c374f74ffa8eb7245d3ec03c4253c0dc3a78ce4,42,v0.5
floating_ring,77,2,-0.094,-0.0661,3.778,True,True,True,True,True,timeout,12.0001,5.4908,6.0,0.9151,0.2768,0.2781,0.1882,0.0863,0.041381,True,0.4304,0.7829,0,0.0,,7.041,17.185,21.776,0.0839,0.0625,4.689,0.23636,6.3896,131.704,840.9863,11.96,2,0.0,0.0,0.0,0,79.964,31.2639,0.76,2,0.0,0.0,0.0,0,0.225,0.225,1.0,floating_ring_s2_d0.50_v0.5_e002,2,20969d4257e2c6cafb45167f1c374f74ffa8eb7245d3ec03c4253c0dc3a78ce4,42,v0.5
floating_ring,78,2,0.082,0.0971,-3.776,True,True,True,True,True,timeout,12.0001,5.3623,6.0,0.8937,0.0248,0.2146,0.1142,0.0947,0.040891,True,0.4339,0.4529,0,0.0,,7.241,15.73,20.824,0.0909,0.0684,4.726,0.26024,6.7892,160.391,845.1359,11.98,2,0.0,0.0,0.0,0,149.346,52.8044,1.02,11,0.0,0.0,0.0,0,0.225,0.225,1.0,floating_ring_s2_d0.50_v0.5_e002,2,20969d4257e2c6cafb45167f1c374f74ffa8eb7245d3ec03c4253c0dc3a78ce4,42,v0.5
floating_ring,79,2,-0.0209,0.0322,-2.182,True,True,True,True,True,timeout,12.0001,5.4476,6.0,0.9079,0.0356,0.1695,0.1063,0.0893,0.04121,True,0.4651,0.6869,0,0.0,,6.979,15.681,20.871,0.0823,0.0653,4.682,0.23889,6.9354,144.793,844.2736,11.98,2,0.0,0.0,0.0,0,135.147,39.7474,0.8,6,0.0,0.0,0.0,0,0.225,0.225,1.0,floating_ring_s2_d0.50_v0.5_e002,2,20969d4257e2c6cafb45167f1c374f74ffa8eb7245d3ec03c4253c0dc3a78ce4,42,v0.5
repeated_boxes,80,2,0.0787,-0.0846,-1.512,True,True,True,True,True,timeout,12.0001,5.4773,6.0,0.9129,0.2993,0.2993,0.1552,0.077,0.042008,True,0.4383,0.8263,0,0.0,,2.802,4.864,7.465,0.0635,0.0656,4.654,0.21535,7.9524,119.712,819.2678,11.96,2,0.0,0.0,0.0,0,72.433,1.4487,0.02,1,0.0,0.0,0.0,0,0.0828,0.06,0.725,repeated_boxes_s2_d0.50_v0.5_e002,2,20969d4257e2c6cafb45167f1c374f74ffa8eb7245d3ec03c4253c0dc3a78ce4,42,v0.5
repeated_boxes,81,2,0.0885,-0.0766,3.676,True,True,True,True,True,timeout,12.0001,5.4375,6.0,0.9063,0.3744,0.3756,0.1397,0.0808,0.041797,True,0.4356,0.7258,0,0.0,,3.182,5.073,7.806,0.067,0.0678,4.652,0.22165,6.8885,139.654,832.8291,11.96,2,0.0,0.0,0.0,0,39.134,7.6086,0.34,2,0.0,0.0,0.0,0,0.0839,0.0682,0.8127,repeated_boxes_s2_d0.50_v0.5_e002,2,20969d4257e2c6cafb45167f1c374f74ffa8eb7245d3ec03c4253c0dc3a78ce4,42,v0.5
repeated_boxes,82,2,0.0929,0.019,-1.453,True,True,True,True,True,timeout,12.0001,5.4858,6.0,0.9143,0.2116,0.2116,0.096,0.0775,0.041968,True,0.4619,0.8329,0,0.0,,3.006,5.026,7.687,0.0628,0.0666,4.65,0.21456,7.7442,137.969,822.6016,11.96,2,0.0,0.0,0.0,0,30.954,1.059,0.04,1,0.0,0.0,0.0,0,0.0834,0.06,0.7191,repeated_boxes_s2_d0.50_v0.5_e002,2,20969d4257e2c6cafb45167f1c374f74ffa8eb7245d3ec03c4253c0dc3a78ce4,42,v0.5
repeated_boxes,83,2,0.0076,-0.002,2.854,True,True,True,True,True,timeout,12.0001,5.414,6.0,0.9023,0.4675,0.4675,0.1471,0.0818,0.04159,True,0.4747,0.7025,0,0.0,,3.06,7.009,9.782,0.0678,0.0691,4.663,0.2204,6.6496,119.966,833.0776,11.96,2,0.0,0.0,0.0,0,46.353,11.795,0.4,3,0.0,0.0,0.0,0,0.0837,0.0687,0.8202,repeated_boxes_s2_d0.50_v0.5_e002,2,20969d4257e2c6cafb45167f1c374f74ffa8eb7245d3ec03c4253c0dc3a78ce4,42,v0.5
repeated_boxes,84,2,-0.0767,-0.0808,-1.528,True,True,True,True,True,timeout,12.0001,5.4936,6.0,0.9156,0.2331,0.2331,0.1055,0.0758,0.042031,True,0.4804,0.8316,0,0.0,,2.982,5.263,7.819,0.0624,0.0649,4.638,0.21465,7.672,166.919,819.564,11.96,2,0.0,0.0,0.0,0,0.0,0.0,0.0,0,0.0,0.0,0.0,0,0.0835,0.06,0.7183,repeated_boxes_s2_d0.50_v0.5_e002,2,20969d4257e2c6cafb45167f1c374f74ffa8eb7245d3ec03c4253c0dc3a78ce4,42,v0.5
repeated_boxes,85,2,0.0197,-0.0534,4.648,True,True,True,True,True,timeout,12.0001,5.4479,6.0,0.908,0.4266,0.4267,0.1442,0.081,0.041854,True,0.4551,0.8147,0,0.0,,3.209,8.357,10.007,0.0645,0.0708,4.633,0.21365,6.7655,126.419,838.0067,11.96,2,0.0,0.0,0.0,0,44.316,7.1327,0.24,2,0.0,0.0,0.0,0,0.084,0.0674,0.803,repeated_boxes_s2_d0.50_v0.5_e002,2,20969d4257e2c6cafb45167f1c374f74ffa8eb7245d3ec03c4253c0dc3a78ce4,42,v0.5
repeated_boxes,86,2,0.0724,0.0774,4.351,True,True,True,True,True,timeout,12.0001,5.4231,6.0,0.9039,0.459,0.459,0.167,0.0824,0.041927,True,0.4901,0.7623,0,0.0,,3.311,6.999,8.329,0.0662,0.0708,4.527,0.2147,5.5498,158.477,834.7415,11.96,2,0.0,0.0,0.0,0,52.979,12.5758,0.44,6,0.0,0.0,0.0,0,0.084,0.064,0.7614,repeated_boxes_s2_d0.50_v0.5_e002,2,20969d4257e2c6cafb45167f1c374f74ffa8eb7245d3ec03c4253c0dc3a78ce4,42,v0.5
repeated_boxes,87,2,-0.0108,0.0541,-4.347,True,True,True,True,True,timeout,12.0001,5.452,6.0,0.9087,0.3122,0.3193,0.1477,0.078,0.041892,True,0.4782,0.7683,0,0.0,,2.816,7.594,10.103,0.0642,0.066,4.636,0.21373,7.257,125.448,821.705,11.96,2,0.0,0.0,0.0,0,56.552,8.116,0.22,1,0.0,0.0,0.0,0,0.0839,0.06,0.7151,repeated_boxes_s2_d0.50_v0.5_e002,2,20969d4257e2c6cafb45167f1c374f74ffa8eb7245d3ec03c4253c0dc3a78ce4,42,v0.5
repeated_boxes,88,2,-0.0183,-0.0116,-0.36,True,True,True,True,True,timeout,12.0001,5.4361,6.0,0.906,0.4527,0.4542,0.1469,0.0803,0.04192,True,0.4563,0.7972,0,0.0,,3.148,7.871,10.307,0.0651,0.0696,4.593,0.21946,7.1652,190.15,828.6802,11.96,2,0.0,0.0,0.0,0,60.25,20.2367,0.58,2,0.0,0.0,0.0,0,0.084,0.0729,0.8677,repeated_boxes_s2_d0.50_v0.5_e002,2,20969d4257e2c6cafb45167f1c374f74ffa8eb7245d3ec03c4253c0dc3a78ce4,42,v0.5
repeated_boxes,89,2,-0.0369,-0.0731,-2.16,True,True,True,True,True,timeout,12.0001,5.4559,6.0,0.9093,0.3137,0.3198,0.1357,0.0776,0.041872,True,0.4823,0.7838,0,0.0,,2.765,7.621,9.974,0.0643,0.0659,4.641,0.21282,7.7004,110.24,821.2958,11.98,2,0.0,0.0,0.0,0,56.85,8.8882,0.22,1,0.0,0.0,0.0,0,0.083,0.06,0.7231,repeated_boxes_s2_d0.50_v0.5_e002,2,20969d4257e2c6cafb45167f1c374f74ffa8eb7245d3ec03c4253c0dc3a78ce4,42,v0.5
repeated_cylinders,90,2,0.0295,-0.02,-4.753,True,True,True,True,True,timeout,12.0001,5.481,6.0,0.9135,0.4679,0.4679,0.2188,0.0781,0.042066,True,0.4745,0.8346,0,0.0,,3.144,6.104,8.946,0.0627,0.0684,4.556,0.20922,7.185,149.597,835.1401,11.96,2,0.0,0.0,0.0,0,59.773,2.805,0.08,1,0.0,0.0,0.0,0,0.0672,0.06,0.893,repeated_cylinders_s2_d0.50_v0.5_e002,2,20969d4257e2c6cafb45167f1c374f74ffa8eb7245d3ec03c4253c0dc3a78ce4,42,v0.5
repeated_cylinders,91,2,0.0948,-0.0672,-1.483,True,True,True,True,True,timeout,12.0001,5.4831,6.0,0.9138,0.1528,0.1574,0.0952,0.0791,0.041767,True,0.4649,0.7232,0,0.0,,3.051,4.999,8.029,0.0641,0.0676,4.649,0.21712,7.1529,126.799,828.7634,11.98,2,0.0,0.0,0.0,0,52.019,8.4367,0.24,1,0.0,0.0,0.0,0,0.0673,0.06,0.8922,repeated_cylinders_s2_d0.50_v0.5_e002,2,20969d4257e2c6cafb45167f1c374f74ffa8eb7245d3ec03c4253c0dc3a78ce4,42,v0.5
repeated_cylinders,92,2,-0.0354,-0.0711,-4.451,True,True,True,True,True,timeout,12.0001,5.4273,6.0,0.9046,0.357,0.3599,0.1242,0.0823,0.041537,True,0.4625,0.6182,0,0.0,,3.145,8.412,11.268,0.0679,0.0717,4.705,0.21778,7.1374,123.18,833.6828,11.98,2,0.0,0.0,0.0,0,38.423,4.7151,0.22,3,0.0,0.0,0.0,0,0.0693,0.0632,0.9119,repeated_cylinders_s2_d0.50_v0.5_e002,2,20969d4257e2c6cafb45167f1c374f74ffa8eb7245d3ec03c4253c0dc3a78ce4,42,v0.5
repeated_cylinders,93,2,0.0097,0.0436,2.392,True,True,True,True,True,timeout,12.0001,5.4405,6.0,0.9068,0.2464,0.2464,0.1284,0.0808,0.041997,True,0.459,0.7049,0,0.0,,3.071,6.542,9.534,0.0664,0.0682,4.64,0.21464,6.908,117.193,830.1798,11.96,2,0.0,0.0,0.0,0,67.039,9.5336,0.26,2,0.0,0.0,0.0,0,0.067,0.06,0.8954,repeated_cylinders_s2_d0.50_v0.5_e002,2,20969d4257e2c6cafb45167f1c374f74ffa8eb7245d3ec03c4253c0dc3a78ce4,42,v0.5
repeated_cylinders,94,2,0.0718,0.0907,4.087,True,True,True,True,True,timeout,12.0001,5.4043,6.0,0.9007,0.528,0.528,0.1628,0.0815,0.041819,True,0.4556,0.8117,0,0.0,,3.41,4.758,7.55,0.0655,0.0703,4.612,0.21801,6.6822,222.837,828.8696,11.96,2,0.0,0.0,0.0,0,53.844,12.0639,0.38,2,0.0,0.0,0.0,0,0.0673,0.06,0.8922,repeated_cylinders_s2_d0.50_v0.5_e002,2,20969d4257e2c6cafb45167f1c374f74ffa8eb7245d3ec03c4253c0dc3a78ce4,42,v0.5
repeated_cylinders,95,2,0.0219,0.03,-3.794,True,True,True,True,True,timeout,12.0001,5.4819,6.0,0.9136,0.2665,0.2683,0.1486,0.079,0.041851,True,0.4623,0.8387,0,0.0,,3.021,5.055,7.999,0.0631,0.069,4.639,0.21567,7.443,147.706,833.336,11.96,2,0.0,0.0,0.0,0,90.932,13.226,0.3,3,0.0,0.0,0.0,0,0.0671,0.06,0.8937,repeated_cylinders_s2_d0.50_v0.5_e002,2,20969d4257e2c6cafb45167f1c374f74ffa8eb7245d3ec03c4253c0dc3a78ce4,42,v0.5
repeated_cylinders,96,2,0.0317,-0.0358,-0.36,True,True,True,True,True,timeout,12.0001,5.4199,6.0,0.9033,0.4849,0.4849,0.1822,0.0813,0.04187,True,0.489,0.7895,0,0.0,,3.182,5.485,8.264,0.0673,0.0704,4.6,0.21502,6.5949,129.771,830.1613,11.96,2,0.0,0.0,0.0,0,99.636,45.2599,0.76,3,0.0,0.0,0.0,0,0.0672,0.0638,0.9494,repeated_cylinders_s2_d0.50_v0.5_e002,2,20969d4257e2c6cafb45167f1c374f74ffa8eb7245d3ec03c4253c0dc3a78ce4,42,v0.5
repeated_cylinders,97,2,-0.0698,0.1,-4.188,True,True,True,True,True,timeout,12.0001,5.4967,6.0,0.9161,0.26,0.2602,0.1376,0.0778,0.04182,True,0.4296,0.843,0,0.0,,3.111,5.473,8.467,0.0624,0.0674,4.627,0.21638,7.7246,161.707,830.4134,11.98,2,0.0,0.0,0.0,0,69.938,2.4585,0.1,2,0.0,0.0,0.0,0,0.0671,0.06,0.8936,repeated_cylinders_s2_d0.50_v0.5_e002,2,20969d4257e2c6cafb45167f1c374f74ffa8eb7245d3ec03c4253c0dc3a78ce4,42,v0.5
repeated_cylinders,98,2,0.0685,0.0085,2.657,True,True,True,True,True,timeout,12.0001,5.4661,6.0,0.911,0.3016,0.3016,0.0922,0.081,0.041825,True,0.4431,0.8283,0,0.0,,3.664,5.998,7.558,0.0636,0.0706,4.65,0.21476,7.0617,186.449,833.3102,11.96,2,0.0,0.0,0.0,0,52.77,4.9166,0.18,2,0.0,0.0,0.0,0,0.0672,0.06,0.8923,repeated_cylinders_s2_d0.50_v0.5_e002,2,20969d4257e2c6cafb45167f1c374f74ffa8eb7245d3ec03c4253c0dc3a78ce4,42,v0.5
repeated_cylinders,99,2,-0.0631,-0.0412,1.98,True,True,True,True,True,timeout,12.0001,5.4431,6.0,0.9072,0.3323,0.3323,0.1287,0.0798,0.041693,True,0.4431,0.8266,0,0.0,,3.187,6.061,8.67,0.0691,0.0677,4.68,0.22572,6.5618,156.962,832.7752,11.98,2,0.0,0.0,0.0,0,52.031,13.4351,0.4,2,0.0,0.0,0.0,0,0.0672,0.06,0.8927,repeated_cylinders_s2_d0.50_v0.5_e002,2,20969d4257e2c6cafb45167f1c374f74ffa8eb7245d3ec03c4253c0dc3a78ce4,42,v0.5
stepping_stones,25,5,0.0771,0.0243,1.511,False,False,False,False,False,base_contact,5.68,1.7121,6.0,0.2853,0.2179,0.2179,,0.2525,0.03013,False,,-0.4759,6,72.48,5.56,9.6,10.531,27.078,0.2588,0.1385,5.735,0.35626,2.8851,270.446,424.5432,5.52,3,180.886,10.7857,0.12,4,338.097,81.1107,1.54,11,291.83,11.0661,0.14,2,1.11,0.9858,0.8881,stepping_stones_s2_d0.50_v0.5_e005,2,20969d4257e2c6cafb45167f1c374f74ffa8eb7245d3ec03c4253c0dc3a78ce4,42,v0.5
gap,31,3,-0.0736,0.0113,1.766,True,True,True,True,True,timeout,12.0001,5.8004,6.0,0.9667,0.4006,0.405,0.3139,0.0902,0.040482,True,0.4636,1.4495,0,0.0,,6.327,6.169,6.169,0.0939,0.0672,4.883,0.25162,7.3516,137.957,846.3655,11.94,1,0.0,0.0,0.0,0,268.961,42.2504,0.58,3,2503.896,50.0779,0.02,1,0.0,0.0,,gap_s2_d0.50_v0.5_e003,2,20969d4257e2c6cafb45167f1c374f74ffa8eb7245d3ec03c4253c0dc3a78ce4,42,v0.5
stepping_stones,26,5,-0.0255,-0.0732,-0.716,False,False,False,True,False,base_contact,4.9,1.5151,6.0,0.2525,0.5073,0.5236,,0.2462,0.027208,False,,-0.5114,16,288.482,3.5,40.232,21.889,31.257,0.2608,0.1675,6.504,0.34358,3.0964,307.182,376.0986,4.74,1,1324.163,54.8238,0.4,4,686.543,72.551,1.46,10,288.482,30.8475,0.34,6,1.115,1.0054,0.9017,stepping_stones_s2_d0.50_v0.5_e005,2,20969d4257e2c6cafb45167f1c374f74ffa8eb7245d3ec03c4253c0dc3a78ce4,42,v0.5
stepping_stones,29,5,0.0499,-0.0172,-3.815,False,False,False,False,False,base_contact,2.92,0.7312,6.0,0.1219,0.1175,0.1202,,0.2624,0.028254,False,,,40,1200.862,1.96,81.01,23.048,38.736,0.3022,0.1426,4.815,0.29789,1.1412,292.069,181.9413,2.78,2,1777.679,45.5176,0.12,3,70.723,8.7856,0.3,3,1200.862,106.0009,0.8,4,1.0417,0.8673,0.8326,stepping_stones_s2_d0.50_v0.5_e005,2,20969d4257e2c6cafb45167f1c374f74ffa8eb7245d3ec03c4253c0dc3a78ce4,42,v0.5
gap,38,3,0.0458,-0.0952,-2.014,True,True,True,True,True,timeout,12.0001,5.7729,6.0,0.9622,0.0032,0.1775,0.1434,0.0905,0.040563,True,0.4493,1.2305,0,0.0,,5.976,7.515,7.515,0.0946,0.0666,4.915,0.26044,6.8606,224.682,844.4825,11.98,2,0.0,0.0,0.0,0,314.086,48.8542,0.62,2,0.0,0.0,0.0,0,0.0,0.0,,gap_s2_d0.50_v0.5_e003,2,20969d4257e2c6cafb45167f1c374f74ffa8eb7245d3ec03c4253c0dc3a78ce4,42,v0.5
stepping_stones,24,3,0.0443,0.082,1.73,False,True,False,False,False,timeout,12.0001,1.48,6.0,0.2467,0.4171,0.4171,,0.4136,0.025761,False,,-0.8555,380,1434.498,0.0,81.461,19.413,28.914,0.429,0.152,4.971,0.26917,2.8451,305.008,800.2187,11.86,2,356.521,491.7697,8.06,3,231.056,277.4657,8.86,8,1434.498,294.1912,7.6,3,1.11,1.01,0.9099,stepping_stones_s2_d0.50_v0.5_e003,2,20969d4257e2c6cafb45167f1c374f74ffa8eb7245d3ec03c4253c0dc3a78ce4,42,v0.5
gap,34,4,-0.0201,-0.0035,3.943,True,True,True,True,True,timeout,12.0001,5.752,6.0,0.9587,0.3741,0.3811,0.349,0.0981,0.039894,True,0.4783,1.6526,0,0.0,,6.99,8.318,8.318,0.1029,0.0727,5.027,0.27934,7.1383,230.561,850.1522,11.96,2,121.509,3.772,0.06,2,632.68,57.4529,0.68,3,1443.763,28.8753,0.02,1,0.0,0.0,,gap_s2_d0.50_v0.5_e004,2,20969d4257e2c6cafb45167f1c374f74ffa8eb7245d3ec03c4253c0dc3a78ce4,42,v0.5
stepping_stones,20,5,-0.0332,0.068,-4.844,False,False,False,True,False,base_contact,4.44,1.9669,6.0,0.3278,0.3916,0.3916,,0.1743,0.031512,False,,-0.069,6,465.723,4.32,17.038,5.027,22.887,0.1711,0.1602,5.812,0.47762,2.081,273.849,349.7645,4.3,2,153.551,5.6099,0.12,5,491.503,63.9168,1.24,11,1067.29,41.544,0.14,2,1.115,0.9825,0.8812,stepping_stones_s2_d0.50_v0.5_e005,2,20969d4257e2c6cafb45167f1c374f74ffa8eb7245d3ec03c4253c0dc3a78ce4,42,v0.5
stepping_stones,28,3,0.0962,0.0586,2.67,False,False,False,True,False,base_contact,4.62,1.9873,6.0,0.3312,0.0877,0.1081,,0.1671,0.031953,False,,0.4002,3,363.708,0.0,23.076,10.51,21.9,0.162,0.1433,5.861,0.3617,3.7295,319.083,355.6028,4.48,2,0.0,0.0,0.0,0,250.235,48.697,0.92,10,363.708,9.5814,0.06,2,1.11,1.0034,0.9039,stepping_stones_s2_d0.50_v0.5_e003,2,20969d4257e2c6cafb45167f1c374f74ffa8eb7245d3ec03c4253c0dc3a78ce4,42,v0.5
stepping_stones,23,3,0.0867,0.0798,3.686,False,True,False,False,False,timeout,12.0001,2.4202,6.0,0.4034,0.0402,0.0757,,0.3572,0.027612,False,,-0.0007,340,1836.724,0.0,24.576,10.724,20.248,0.3928,0.0712,6.876,0.2298,3.6088,287.681,717.6483,11.86,2,164.988,347.8447,6.94,4,606.317,62.0796,1.32,7,1836.724,524.8495,6.8,2,1.11,1.0039,0.9044,stepping_stones_s2_d0.50_v0.5_e003,2,20969d4257e2c6cafb45167f1c374f74ffa8eb7245d3ec03c4253c0dc3a78ce4,42,v0.5
stepping_stones,28,4,0.0516,0.0293,4.937,False,False,False,True,False,base_contact,3.32,1.282,6.0,0.2137,0.2124,0.2124,,0.1807,0.031339,False,,0.4083,1,48.312,0.0,15.792,6.456,24.702,0.1705,0.1657,5.768,0.42211,2.66,294.269,245.5963,3.18,2,0.0,0.0,0.0,0,284.522,18.435,0.44,4,48.312,0.9662,0.02,1,1.11,1.01,0.9099,stepping_stones_s2_d0.50_v0.5_e004,2,20969d4257e2c6cafb45167f1c374f74ffa8eb7245d3ec03c4253c0dc3a78ce4,42,v0.5
stepping_stones,21,4,0.009,0.0188,-0.581,False,True,False,False,False,timeout,12.0001,1.2687,6.0,0.2114,0.1902,0.1902,,0.4068,0.026186,False,,-0.2726,421,1062.088,3.0,52.364,17.925,30.026,0.437,0.0445,5.856,0.17871,2.5724,360.303,456.48,11.82,2,146.898,587.1433,8.32,5,718.271,716.27,9.0,5,1062.088,297.7901,8.44,5,1.11,1.0053,0.9057,stepping_stones_s2_d0.50_v0.5_e004,2,20969d4257e2c6cafb45167f1c374f74ffa8eb7245d3ec03c4253c0dc3a78ce4,42,v0.5
discrete_obstacles,0,3,0.0676,-0.0383,-1.414,True,True,True,True,True,timeout,12.0001,5.448,6.0,0.908,0.5444,0.5447,0.2319,0.0816,0.041035,True,0.4636,0.689,0,0.0,,2.73,5.613,7.139,0.0768,0.0683,4.752,0.22637,7.7642,341.553,829.116,11.86,2,0.0,0.0,0.0,0,0.0,0.0,0.0,0,0.0,0.0,0.0,0,0.21,0.05,0.2381,discrete_obstacles_s2_d0.50_v0.5_e003,2,20969d4257e2c6cafb45167f1c374f74ffa8eb7245d3ec03c4253c0dc3a78ce4,42,v0.5
discrete_obstacles,1,3,0.0156,0.0207,0.99,True,True,True,True,True,timeout,12.0001,5.4899,6.0,0.915,0.3306,0.3306,0.1301,0.0786,0.04114,True,0.452,0.8406,0,0.0,,3.228,4.266,5.117,0.0732,0.0667,4.611,0.21984,7.601,245.136,819.4584,11.86,2,0.0,0.0,0.0,0,0.0,0.0,0.0,0,0.0,0.0,0.0,0,0.21,0.05,0.2381,discrete_obstacles_s2_d0.50_v0.5_e003,2,20969d4257e2c6cafb45167f1c374f74ffa8eb7245d3ec03c4253c0dc3a78ce4,42,v0.5
discrete_obstacles,2,3,-0.068,-0.0888,-1.065,True,True,True,True,True,timeout,12.0001,5.5086,6.0,0.9181,0.2244,0.2311,0.0577,0.0811,0.040865,True,0.4206,0.7255,0,0.0,,7.533,8.31,10.96,0.0792,0.0637,4.81,0.24451,6.3152,324.864,848.4608,11.88,2,0.0,0.0,0.0,0,29.766,1.904,0.1,1,0.0,0.0,0.0,0,0.155,0.155,1.0,discrete_obstacles_s2_d0.50_v0.5_e003,2,20969d4257e2c6cafb45167f1c374f74ffa8eb7245d3ec03c4253c0dc3a78ce4,42,v0.5
discrete_obstacles,3,3,-0.0111,-0.0588,-1.433,True,True,True,True,True,timeout,12.0001,5.4909,6.0,0.9152,0.1663,0.1734,0.0279,0.0793,0.041051,True,0.4766,0.7315,0,0.0,,4.097,9.051,10.056,0.0767,0.0637,4.732,0.22718,6.9756,306.569,833.5115,11.86,2,0.0,0.0,0.0,0,0.0,0.0,0.0,0,0.0,0.0,0.0,0,0.155,0.05,0.3226,discrete_obstacles_s2_d0.50_v0.5_e003,2,20969d4257e2c6cafb45167f1c374f74ffa8eb7245d3ec03c4253c0dc3a78ce4,42,v0.5
discrete_obstacles,4,3,-0.0214,0.0906,-2.489,True,True,True,True,True,timeout,12.0001,5.4589,6.0,0.9098,0.4347,0.4347,0.187,0.0809,0.041364,True,0.4566,0.842,0,0.0,,3.087,3.399,4.842,0.0746,0.0683,4.609,0.21904,7.6932,354.897,821.1661,11.86,2,0.0,0.0,0.0,0,0.0,0.0,0.0,0,0.0,0.0,0.0,0,0.21,0.05,0.2381,discrete_obstacles_s2_d0.50_v0.5_e003,2,20969d4257e2c6cafb45167f1c374f74ffa8eb7245d3ec03c4253c0dc3a78ce4,42,v0.5
discrete_obstacles,5,3,-0.0592,-0.0947,-4.744,True,True,True,True,True,timeout,12.0001,5.4893,6.0,0.9149,0.4569,0.4569,0.1835,0.0806,0.040891,True,0.4914,0.7103,0,0.0,,5.565,9.398,12.193,0.0778,0.0662,4.656,0.24246,6.2895,281.6,844.4368,11.88,2,0.0,0.0,0.0,0,106.581,18.3418,0.34,4,0.0,0.0,0.0,0,0.155,0.1198,0.7728,discrete_obstacles_s2_d0.50_v0.5_e003,2,20969d4257e2c6cafb45167f1c374f74ffa8eb7245d3ec03c4253c0dc3a78ce4,42,v0.5
discrete_obstacles,6,3,-0.0432,0.0321,-0.944,True,True,True,True,True,timeout,12.0001,5.4764,6.0,0.9127,0.4088,0.4137,0.2047,0.0802,0.041287,True,0.4304,0.8507,0,0.0,,3.046,5.002,5.406,0.0745,0.0661,4.583,0.21771,7.9771,312.044,820.3508,11.86,2,0.0,0.0,0.0,0,0.0,0.0,0.0,0,0.0,0.0,0.0,0,0.21,0.05,0.2381,discrete_obstacles_s2_d0.50_v0.5_e003,2,20969d4257e2c6cafb45167f1c374f74ffa8eb7245d3ec03c4253c0dc3a78ce4,42,v0.5
discrete_obstacles,7,3,0.0161,0.0183,2.706,True,True,True,True,True,timeout,12.0001,5.461,6.0,0.9102,0.4422,0.4443,0.1594,0.0798,0.041123,True,0.4462,0.8467,0,0.0,,3.005,5.7,6.219,0.0741,0.0675,4.666,0.22549,7.8136,359.404,815.0727,11.86,2,0.0,0.0,0.0,0,0.0,0.0,0.0,0,0.0,0.0,0.0,0,0.21,0.05,0.2381,discrete_obstacles_s2_d0.50_v0.5_e003,2,20969d4257e2c6cafb45167f1c374f74ffa8eb7245d3ec03c4253c0dc3a78ce4,42,v0.5
discrete_obstacles,8,3,-0.0681,-0.0265,3.634,True,True,True,True,True,timeout,12.0001,5.4659,6.0,0.911,0.3634,0.3659,0.1603,0.0794,0.041375,True,0.4573,0.8337,0,0.0,,2.882,5.4,5.803,0.0744,0.0667,4.647,0.22273,7.712,344.328,814.2293,11.86,2,0.0,0.0,0.0,0,0.0,0.0,0.0,0,0.0,0.0,0.0,0,0.21,0.05,0.2381,discrete_obstacles_s2_d0.50_v0.5_e003,2,20969d4257e2c6cafb45167f1c374f74ffa8eb7245d3ec03c4253c0dc3a78ce4,42,v0.5
discrete_obstacles,9,3,-0.041,0.0073,-1.478,True,True,True,True,True,timeout,12.0001,5.4683,6.0,0.9114,0.2587,0.2661,0.0845,0.0804,0.040709,True,0.4603,0.7008,0,0.0,,3.064,6.387,8.034,0.0779,0.0646,4.732,0.23033,7.2215,370.57,830.7798,11.88,2,0.0,0.0,0.0,0,0.0,0.0,0.0,0,0.0,0.0,0.0,0,0.155,0.05,0.3226,discrete_obstacles_s2_d0.50_v0.5_e003,2,20969d4257e2c6cafb45167f1c374f74ffa8eb7245d3ec03c4253c0dc3a78ce4,42,v0.5
wave,10,3,-0.0966,0.0091,3.119,True,True,True,True,True,timeout,12.0001,5.5324,6.0,0.9221,0.4193,0.4193,0.1374,0.0774,0.041734,True,0.5285,0.0,0,0.0,,3.595,6.462,9.074,0.0705,0.0673,4.585,0.21257,7.8607,292.072,833.5887,11.92,2,0.0,0.0,0.0,0,0.0,0.0,0.0,0,0.0,0.0,0.0,0,0.14,0.0887,0.6339,wave_s2_d0.50_v0.5_e003,2,20969d4257e2c6cafb45167f1c374f74ffa8eb7245d3ec03c4253c0dc3a78ce4,42,v0.5
wave,11,3,-0.0008,0.0433,-2.886,True,True,True,True,True,timeout,12.0001,5.4936,6.0,0.9156,0.3737,0.3737,0.1072,0.0764,0.041767,True,0.4746,-0.0758,0,0.0,,3.698,6.445,8.892,0.0705,0.0657,4.614,0.21183,7.5013,318.822,833.4867,11.92,2,0.0,0.0,0.0,0,0.0,0.0,0.0,0,0.0,0.0,0.0,0,0.1236,0.0715,0.5779,wave_s2_d0.50_v0.5_e003,2,20969d4257e2c6cafb45167f1c374f74ffa8eb7245d3ec03c4253c0dc3a78ce4,42,v0.5
wave,12,3,0.081,-0.0888,-0.998,True,True,True,True,True,timeout,12.0001,5.4761,6.0,0.9127,0.3595,0.3601,0.0569,0.0781,0.041667,True,0.4981,0.0,0,0.0,,3.77,6.936,9.241,0.0706,0.0669,4.626,0.2096,7.1879,293.624,837.2433,11.94,2,0.0,0.0,0.0,0,0.0,0.0,0.0,0,0.0,0.0,0.0,0,0.1358,0.0717,0.528,wave_s2_d0.50_v0.5_e003,2,20969d4257e2c6cafb45167f1c374f74ffa8eb7245d3ec03c4253c0dc3a78ce4,42,v0.5
wave,13,3,0.0249,-0.0597,2.99,True,True,True,True,True,timeout,12.0001,5.5025,6.0,0.9171,0.3003,0.3046,0.0712,0.0769,0.041813,True,0.4708,-0.0702,0,0.0,,3.891,6.509,8.941,0.071,0.0656,4.597,0.21107,7.99,337.41,829.8165,11.92,2,0.0,0.0,0.0,0,0.0,0.0,0.0,0,0.0,0.0,0.0,0,0.1321,0.0766,0.5799,wave_s2_d0.50_v0.5_e003,2,20969d4257e2c6cafb45167f1c374f74ffa8eb7245d3ec03c4253c0dc3a78ce4,42,v0.5
wave,14,3,-0.0437,-0.0902,3.462,True,True,True,True,True,timeout,12.0001,5.4936,6.0,0.9156,0.4504,0.4525,0.1177,0.0769,0.041779,True,0.4827,-0.0771,0,0.0,,3.862,6.879,9.497,0.0713,0.0661,4.584,0.20959,7.385,371.495,837.8885,11.92,2,0.0,0.0,0.0,0,0.0,0.0,0.0,0,0.0,0.0,0.0,0,0.1372,0.078,0.5686,wave_s2_d0.50_v0.5_e003,2,20969d4257e2c6cafb45167f1c374f74ffa8eb7245d3ec03c4253c0dc3a78ce4,42,v0.5
wave,15,3,-0.0183,0.0823,0.7,True,True,True,True,True,timeout,12.0001,5.5118,6.0,0.9186,0.3452,0.3452,0.129,0.0775,0.041799,True,0.4935,0.0,0,0.0,,3.629,6.616,9.204,0.0709,0.0662,4.593,0.21249,7.6114,352.684,828.3869,11.92,2,0.0,0.0,0.0,0,0.0,0.0,0.0,0,0.0,0.0,0.0,0,0.136,0.0784,0.5767,wave_s2_d0.50_v0.5_e003,2,20969d4257e2c6cafb45167f1c374f74ffa8eb7245d3ec03c4253c0dc3a78ce4,42,v0.5
wave,16,3,0.0146,-0.0021,0.914,True,True,True,True,True,timeout,12.0001,5.4977,6.0,0.9163,0.3543,0.3579,0.0854,0.0769,0.041816,True,0.4898,-0.0774,0,0.0,,3.629,6.529,9.039,0.0706,0.0659,4.583,0.2101,7.4111,286.182,833.0121,11.92,2,0.0,0.0,0.0,0,0.0,0.0,0.0,0,0.0,0.0,0.0,0,0.1278,0.0742,0.5803,wave_s2_d0.50_v0.5_e003,2,20969d4257e2c6cafb45167f1c374f74ffa8eb7245d3ec03c4253c0dc3a78ce4,42,v0.5
wave,17,3,-0.0538,0.0611,3.386,True,True,True,True,True,timeout,12.0001,5.5387,6.0,0.9231,0.3693,0.3695,0.1218,0.0775,0.041724,True,0.4895,-0.0713,0,0.0,,3.778,6.307,8.938,0.0701,0.0678,4.58,0.21234,7.6512,334.727,832.1686,11.92,2,0.0,0.0,0.0,0,0.0,0.0,0.0,0,0.0,0.0,0.0,0,0.14,0.0924,0.6603,wave_s2_d0.50_v0.5_e003,2,20969d4257e2c6cafb45167f1c374f74ffa8eb7245d3ec03c4253c0dc3a78ce4,42,v0.5
wave,18,3,-0.0849,0.0747,-1.593,True,True,True,True,True,timeout,12.0001,5.5029,6.0,0.9171,0.351,0.3513,0.1433,0.0779,0.041657,True,0.5086,0.0,0,0.0,,3.782,6.355,8.846,0.0706,0.0673,4.598,0.21069,7.1573,258.373,833.0224,11.92,2,0.0,0.0,0.0,0,0.0,0.0,0.0,0,0.0,0.0,0.0,0,0.1242,0.0723,0.5822,wave_s2_d0.50_v0.5_e003,2,20969d4257e2c6cafb45167f1c374f74ffa8eb7245d3ec03c4253c0dc3a78ce4,42,v0.5
wave,19,3,0.056,0.0194,-0.667,True,True,True,True,True,timeout,12.0001,5.4776,6.0,0.9129,0.4258,0.4258,0.1259,0.0786,0.041728,True,0.4723,-0.0717,0,0.0,,3.548,6.513,8.939,0.0709,0.0673,4.619,0.21307,7.5953,336.594,834.439,11.94,2,0.0,0.0,0.0,0,0.0,0.0,0.0,0,0.0,0.0,0.0,0,0.1239,0.0727,0.5863,wave_s2_d0.50_v0.5_e003,2,20969d4257e2c6cafb45167f1c374f74ffa8eb7245d3ec03c4253c0dc3a78ce4,42,v0.5
stepping_stones,22,3,0.0231,0.0801,0.529,False,True,False,False,False,timeout,12.0001,1.2107,6.0,0.2018,0.2678,0.2678,,0.4063,0.026091,False,,-0.1632,446,425.14,0.0,30.116,41.321,55.212,0.4272,0.0645,5.838,0.19156,1.7377,288.774,648.1291,11.84,3,399.263,989.1766,9.0,5,328.998,133.8124,9.26,11,425.14,1106.5649,8.92,3,1.11,0.4801,0.4325,stepping_stones_s2_d0.50_v0.5_e003,2,20969d4257e2c6cafb45167f1c374f74ffa8eb7245d3ec03c4253c0dc3a78ce4,42,v0.5
stepping_stones,27,3,-0.0395,0.0644,2.9,False,True,False,False,False,timeout,12.0001,1.2341,6.0,0.2057,0.0311,0.0906,,0.4061,0.026644,False,,-0.2394,173,155.874,0.0,80.896,20.844,36.079,0.4389,0.0436,4.828,0.15494,2.1907,300.969,528.599,11.82,3,149.833,37.3425,0.46,2,357.822,293.0336,8.54,5,155.874,292.8472,3.46,3,1.115,1.0097,0.9056,stepping_stones_s2_d0.50_v0.5_e003,2,20969d4257e2c6cafb45167f1c374f74ffa8eb7245d3ec03c4253c0dc3a78ce4,42,v0.5
gap,30,3,0.0771,0.0512,-4.834,True,True,True,True,True,timeout,12.0001,5.7585,6.0,0.9598,0.3755,0.3755,0.0215,0.0946,0.04035,True,0.4755,1.3544,0,0.0,,7.403,9.761,9.761,0.0939,0.0753,5.012,0.28124,7.2933,167.874,859.2066,11.96,2,0.0,0.0,0.0,0,287.644,27.2401,0.54,2,0.0,0.0,0.0,0,0.0,0.0,,gap_s2_d0.50_v0.5_e003,2,20969d4257e2c6cafb45167f1c374f74ffa8eb7245d3ec03c4253c0dc3a78ce4,42,v0.5
gap,32,3,-0.0067,-0.0628,1.094,True,True,True,True,True,timeout,12.0001,5.7795,6.0,0.9633,0.3794,0.3813,0.294,0.0925,0.040292,True,0.4275,1.5227,0,0.0,,6.401,6.791,6.791,0.0932,0.0695,4.907,0.26748,6.8112,226.764,851.8134,11.96,2,0.0,0.0,0.0,0,356.478,35.9906,0.62,2,0.0,0.0,0.0,0,0.0,0.0,,gap_s2_d0.50_v0.5_e003,2,20969d4257e2c6cafb45167f1c374f74ffa8eb7245d3ec03c4253c0dc3a78ce4,42,v0.5
gap,33,3,0.0376,0.0416,-4.089,True,True,True,True,True,timeout,12.0001,5.8098,6.0,0.9683,0.1463,0.2095,0.1887,0.089,0.040901,True,0.4331,1.3121,0,0.0,,6.012,5.609,5.609,0.0911,0.0637,4.899,0.24568,7.1138,164.984,845.3889,11.98,2,0.0,0.0,0.0,0,766.57,37.5269,0.58,2,0.0,0.0,0.0,0,0.0,0.0,,gap_s2_d0.50_v0.5_e003,2,20969d4257e2c6cafb45167f1c374f74ffa8eb7245d3ec03c4253c0dc3a78ce4,42,v0.5
gap,35,3,0.0683,0.0599,4.773,True,True,True,True,True,timeout,12.0001,5.7463,6.0,0.9577,0.2688,0.2874,0.2854,0.0936,0.040557,True,0.4663,1.2534,0,0.0,,6.864,6.724,6.724,0.1037,0.0632,4.951,0.25813,7.7628,206.742,828.8003,11.96,2,0.0,0.0,0.0,0,340.498,44.4831,0.66,2,0.0,0.0,0.0,0,0.0,0.0,,gap_s2_d0.50_v0.5_e003,2,20969d4257e2c6cafb45167f1c374f74ffa8eb7245d3ec03c4253c0dc3a78ce4,42,v0.5
gap,36,3,0.0411,-0.0205,0.868,True,True,True,True,True,timeout,12.0001,5.7103,6.0,0.9517,0.089,0.2549,0.2212,0.0924,0.040435,True,0.4785,1.4495,0,0.0,,7.168,7.116,7.116,0.093,0.0702,4.982,0.27131,6.9057,228.976,860.1184,11.96,2,78.73,1.8959,0.06,2,396.626,35.5816,0.62,3,0.0,0.0,0.0,0,0.0,0.0,,gap_s2_d0.50_v0.5_e003,2,20969d4257e2c6cafb45167f1c374f74ffa8eb7245d3ec03c4253c0dc3a78ce4,42,v0.5
gap,37,3,-0.0225,-0.0659,-0.375,True,True,True,True,True,timeout,12.0001,5.7965,6.0,0.9661,0.3257,0.3351,0.2782,0.0897,0.040584,True,0.4363,1.3903,0,0.0,,6.464,6.811,6.811,0.0893,0.067,4.91,0.26781,7.0433,211.411,852.7794,11.96,2,0.0,0.0,0.0,0,540.79,39.6738,0.56,2,0.0,0.0,0.0,0,0.0,0.0,,gap_s2_d0.50_v0.5_e003,2,20969d4257e2c6cafb45167f1c374f74ffa8eb7245d3ec03c4253c0dc3a78ce4,42,v0.5
gap,39,3,-0.0629,0.0685,-0.193,True,True,True,True,True,timeout,12.0001,5.7744,6.0,0.9624,0.0574,0.1955,0.1349,0.0959,0.040433,True,0.4623,1.4549,0,0.0,,7.267,7.689,7.689,0.0983,0.0707,4.934,0.26315,6.6147,140.467,851.7422,11.96,2,0.0,0.0,0.0,0,148.29,32.7304,0.6,2,0.0,0.0,0.0,0,0.0,0.0,,gap_s2_d0.50_v0.5_e003,2,20969d4257e2c6cafb45167f1c374f74ffa8eb7245d3ec03c4253c0dc3a78ce4,42,v0.5
pit,40,3,-0.0232,-0.0831,0.458,True,True,True,True,True,timeout,12.0001,5.6323,6.0,0.9387,0.2543,0.2637,0.1756,0.0788,0.041735,True,0.4739,0.8485,0,0.0,,6.979,14.931,24.814,0.0692,0.0627,4.692,0.23353,6.8129,110.325,831.1588,11.98,2,0.0,0.0,0.0,0,0.0,0.0,0.0,0,0.0,0.0,0.0,0,0.2,0.2,1.0,pit_s2_d0.50_v0.5_e003,2,20969d4257e2c6cafb45167f1c374f74ffa8eb7245d3ec03c4253c0dc3a78ce4,42,v0.5
pit,41,3,0.0337,0.0571,-3.156,True,True,True,True,True,timeout,12.0001,5.6515,6.0,0.9419,0.2192,0.2297,0.1684,0.0785,0.041697,True,0.4677,0.8489,0,0.0,,7.241,14.992,24.8,0.0696,0.0621,4.685,0.23984,7.2637,122.656,835.3375,11.98,2,0.0,0.0,0.0,0,0.0,0.0,0.0,0,0.0,0.0,0.0,0,0.2,0.2,1.0,pit_s2_d0.50_v0.5_e003,2,20969d4257e2c6cafb45167f1c374f74ffa8eb7245d3ec03c4253c0dc3a78ce4,42,v0.5
pit,42,3,0.0758,0.0641,4.634,True,True,True,True,True,timeout,12.0001,5.6401,6.0,0.94,0.1538,0.1647,0.1367,0.0782,0.041559,True,0.4665,0.8388,0,0.0,,6.586,15.279,25.022,0.0699,0.0618,4.72,0.24646,7.2318,124.05,833.2873,11.98,2,0.0,0.0,0.0,0,83.124,1.6625,0.02,1,0.0,0.0,0.0,0,0.2,0.2,1.0,pit_s2_d0.50_v0.5_e003,2,20969d4257e2c6cafb45167f1c374f74ffa8eb7245d3ec03c4253c0dc3a78ce4,42,v0.5
pit,43,3,0.0766,-0.0981,-0.577,True,True,True,True,True,timeout,12.0001,5.6379,6.0,0.9397,0.1179,0.1282,0.1217,0.0781,0.041861,True,0.4671,0.847,0,0.0,,6.671,15.154,24.897,0.0699,0.062,4.709,0.24699,6.8248,115.534,833.5729,11.96,2,0.0,0.0,0.0,0,35.825,0.7165,0.02,1,0.0,0.0,0.0,0,0.2,0.2,1.0,pit_s2_d0.50_v0.5_e003,2,20969d4257e2c6cafb45167f1c374f74ffa8eb7245d3ec03c4253c0dc3a78ce4,42,v0.5
pit,44,3,-0.0351,0.0647,2.313,True,True,True,True,True,timeout,12.0001,5.6286,6.0,0.9381,0.2141,0.2213,0.136,0.0789,0.041723,True,0.4692,0.844,0,0.0,,6.945,14.792,24.775,0.0692,0.0633,4.698,0.23441,6.9448,116.766,827.1744,11.96,2,0.0,0.0,0.0,0,0.0,0.0,0.0,0,0.0,0.0,0.0,0,0.2,0.2,1.0,pit_s2_d0.50_v0.5_e003,2,20969d4257e2c6cafb45167f1c374f74ffa8eb7245d3ec03c4253c0dc3a78ce4,42,v0.5
pit,45,3,0.0663,0.0257,-3.139,True,True,True,True,True,timeout,12.0001,5.6426,6.0,0.9404,0.1671,0.1757,0.1428,0.0783,0.041774,True,0.4662,0.8396,0,0.0,,6.823,15.107,24.885,0.0695,0.0622,4.698,0.24431,6.731,151.344,836.3521,11.98,2,0.0,0.0,0.0,0,30.963,0.6193,0.02,1,0.0,0.0,0.0,0,0.2,0.2,1.0,pit_s2_d0.50_v0.5_e003,2,20969d4257e2c6cafb45167f1c374f74ffa8eb7245d3ec03c4253c0dc3a78ce4,42,v0.5
pit,46,3,0.092,-0.043,-2.531,True,True,True,True,True,timeout,12.0001,5.641,6.0,0.9402,0.1431,0.1539,0.1385,0.0787,0.041618,True,0.4705,0.843,0,0.0,,6.613,15.343,25.15,0.0701,0.0624,4.712,0.24652,6.5784,150.08,834.274,11.98,2,0.0,0.0,0.0,0,101.274,2.0255,0.02,1,0.0,0.0,0.0,0,0.2,0.2,1.0,pit_s2_d0.50_v0.5_e003,2,20969d4257e2c6cafb45167f1c374f74ffa8eb7245d3ec03c4253c0dc3a78ce4,42,v0.5
pit,47,3,-0.0536,0.0422,-2.482,True,True,True,True,True,timeout,12.0001,5.6263,6.0,0.9377,0.1876,0.1983,0.117,0.0787,0.041846,True,0.4701,0.8453,0,0.0,,6.82,15.235,25.114,0.0683,0.0637,4.7,0.23292,7.3257,139.152,826.7436,11.96,2,0.0,0.0,0.0,0,0.0,0.0,0.0,0,0.0,0.0,0.0,0,0.2,0.2,1.0,pit_s2_d0.50_v0.5_e003,2,20969d4257e2c6cafb45167f1c374f74ffa8eb7245d3ec03c4253c0dc3a78ce4,42,v0.5
pit,48,3,-0.0687,0.073,4.735,True,True,True,True,True,timeout,12.0001,5.6198,6.0,0.9366,0.184,0.1938,0.1123,0.0794,0.041783,True,0.4768,0.8467,0,0.0,,6.667,14.978,24.823,0.0677,0.0652,4.718,0.23184,7.0262,118.17,825.0114,11.96,2,0.0,0.0,0.0,0,0.0,0.0,0.0,0,0.0,0.0,0.0,0,0.2,0.2,1.0,pit_s2_d0.50_v0.5_e003,2,20969d4257e2c6cafb45167f1c374f74ffa8eb7245d3ec03c4253c0dc3a78ce4,42,v0.5
pit,49,3,0.0986,-0.0057,-4.561,True,True,True,True,True,timeout,12.0001,5.6369,6.0,0.9395,0.1164,0.1324,0.1301,0.0786,0.041629,True,0.4656,0.8436,0,0.0,,6.684,14.857,24.565,0.0698,0.0623,4.688,0.24613,6.3456,105.885,834.6727,11.98,2,0.0,0.0,0.0,0,81.039,1.6208,0.02,1,0.0,0.0,0.0,0,0.2,0.2,1.0,pit_s2_d0.50_v0.5_e003,2,20969d4257e2c6cafb45167f1c374f74ffa8eb7245d3ec03c4253c0dc3a78ce4,42,v0.5
rails,50,3,0.0439,-0.0591,0.389,True,True,True,True,True,timeout,12.0001,5.4531,6.0,0.9088,0.3791,0.3841,0.1782,0.0868,0.041131,True,0.5038,0.2482,0,0.0,,5.367,4.353,4.884,0.0783,0.0723,4.694,0.25405,5.2415,161.412,851.3694,11.96,2,0.0,0.0,0.0,0,125.082,40.7275,0.9,4,0.0,0.0,0.0,0,0.115,0.115,1.0,rails_s2_d0.50_v0.5_e003,2,20969d4257e2c6cafb45167f1c374f74ffa8eb7245d3ec03c4253c0dc3a78ce4,42,v0.5
rails,51,3,0.095,-0.0804,2.393,True,True,True,True,True,timeout,12.0001,5.6131,6.0,0.9355,0.1688,0.1794,0.0796,0.0798,0.041438,True,0.5667,0.8161,0,0.0,,3.163,5.272,6.079,0.0662,0.0692,4.689,0.25679,5.7978,124.813,841.9779,11.98,2,0.0,0.0,0.0,0,106.601,86.9531,1.52,4,0.0,0.0,0.0,0,0.115,0.115,1.0,rails_s2_d0.50_v0.5_e003,2,20969d4257e2c6cafb45167f1c374f74ffa8eb7245d3ec03c4253c0dc3a78ce4,42,v0.5
rails,52,3,-0.0021,0.0095,-1.785,True,True,True,True,True,timeout,12.0001,5.5391,6.0,0.9232,0.0718,0.1301,0.1222,0.079,0.041394,True,0.477,0.8043,0,0.0,,4.717,5.838,6.508,0.0669,0.0664,4.728,0.25974,5.6044,143.076,848.41,11.98,2,0.0,0.0,0.0,0,306.968,50.0203,0.92,4,0.0,0.0,0.0,0,0.115,0.115,1.0,rails_s2_d0.50_v0.5_e003,2,20969d4257e2c6cafb45167f1c374f74ffa8eb7245d3ec03c4253c0dc3a78ce4,42,v0.5
rails,53,3,-0.0213,0.0295,-2.878,True,True,True,True,True,timeout,12.0001,5.5321,6.0,0.922,0.0355,0.0588,0.0218,0.0805,0.041162,True,0.4861,0.7454,0,0.0,,3.788,5.605,6.18,0.0649,0.0731,4.835,0.26472,6.3557,125.692,839.585,11.98,2,0.0,0.0,0.0,0,264.962,88.3755,1.5,5,0.0,0.0,0.0,0,0.115,0.115,1.0,rails_s2_d0.50_v0.5_e003,2,20969d4257e2c6cafb45167f1c374f74ffa8eb7245d3ec03c4253c0dc3a78ce4,42,v0.5
rails,54,3,-0.0867,-0.0313,0.622,True,True,True,True,True,timeout,12.0001,5.5407,6.0,0.9234,0.1851,0.1912,0.0533,0.0814,0.041525,True,0.4694,0.7293,0,0.0,,3.109,4.317,4.932,0.0669,0.0717,4.673,0.25667,5.3134,168.373,847.2676,11.96,2,0.0,0.0,0.0,0,218.413,61.2812,1.2,4,0.0,0.0,0.0,0,0.115,0.115,1.0,rails_s2_d0.50_v0.5_e003,2,20969d4257e2c6cafb45167f1c374f74ffa8eb7245d3ec03c4253c0dc3a78ce4,42,v0.5
rails,55,3,-0.0389,-0.0668,0.342,True,True,True,True,True,timeout,12.0001,5.5506,6.0,0.9251,0.1539,0.1611,0.0303,0.0815,0.041571,True,0.4046,0.774,0,0.0,,4.954,5.531,6.178,0.0686,0.0695,4.696,0.25631,5.3332,133.711,845.4926,11.96,2,0.0,0.0,0.0,0,284.259,49.0995,0.84,4,0.0,0.0,0.0,0,0.115,0.115,1.0,rails_s2_d0.50_v0.5_e003,2,20969d4257e2c6cafb45167f1c374f74ffa8eb7245d3ec03c4253c0dc3a78ce4,42,v0.5
rails,56,3,0.0239,-0.0585,1.937,True,True,True,True,True,timeout,12.0001,5.4263,6.0,0.9044,0.2694,0.2769,0.1265,0.0877,0.041195,True,0.4931,0.1386,0,0.0,,5.589,4.618,5.413,0.084,0.0708,4.752,0.25428,5.5021,151.806,848.5051,11.96,2,271.671,6.2163,0.04,1,98.303,36.859,0.88,4,0.0,0.0,0.0,0,0.115,0.115,1.0,rails_s2_d0.50_v0.5_e003,2,20969d4257e2c6cafb45167f1c374f74ffa8eb7245d3ec03c4253c0dc3a78ce4,42,v0.5
rails,57,3,0.0096,0.0986,3.112,True,True,True,True,True,timeout,12.0001,5.4444,6.0,0.9074,0.4384,0.4447,0.2694,0.0871,0.040823,True,0.4965,0.3567,0,0.0,,5.735,4.628,5.451,0.0723,0.0787,4.86,0.28425,5.5333,181.109,856.6577,11.96,2,0.0,0.0,0.0,0,127.595,56.5243,1.12,5,0.0,0.0,0.0,0,0.115,0.115,1.0,rails_s2_d0.50_v0.5_e003,2,20969d4257e2c6cafb45167f1c374f74ffa8eb7245d3ec03c4253c0dc3a78ce4,42,v0.5
rails,58,3,-0.0973,-0.0764,-0.354,True,True,True,True,True,timeout,12.0001,5.4762,6.0,0.9127,0.2693,0.2727,0.0758,0.0822,0.040854,True,0.3937,0.7569,0,0.0,,3.475,6.754,7.111,0.0663,0.0737,4.807,0.26206,5.6934,129.983,841.5348,11.98,2,0.0,0.0,0.0,0,291.967,63.2267,1.1,6,0.0,0.0,0.0,0,0.115,0.115,1.0,rails_s2_d0.50_v0.5_e003,2,20969d4257e2c6cafb45167f1c374f74ffa8eb7245d3ec03c4253c0dc3a78ce4,42,v0.5
rails,59,3,0.0808,-0.0443,-1.126,True,True,True,True,True,timeout,12.0001,5.5656,6.0,0.9276,0.1419,0.1429,0.005,0.0855,0.041164,True,0.5632,0.5387,0,0.0,,3.063,5.449,6.227,0.0732,0.0729,4.8,0.24733,5.9184,125.869,844.1681,11.98,2,0.0,0.0,0.0,0,98.534,48.5729,0.98,5,0.0,0.0,0.0,0,0.115,0.115,1.0,rails_s2_d0.50_v0.5_e003,2,20969d4257e2c6cafb45167f1c374f74ffa8eb7245d3ec03c4253c0dc3a78ce4,42,v0.5
star,60,3,-0.0577,-0.0011,2.625,True,True,True,True,True,timeout,12.0001,5.7064,6.0,0.9511,0.5178,0.5178,0.2585,0.0779,0.041613,True,0.4191,0.814,0,0.0,,6.818,5.964,9.484,0.0655,0.0695,4.603,0.22898,6.8965,138.55,854.9819,11.98,2,0.0,0.0,0.0,0,90.742,12.4634,0.26,2,0.0,0.0,0.0,0,0.105,0.105,1.0,star_s2_d0.50_v0.5_e003,2,20969d4257e2c6cafb45167f1c374f74ffa8eb7245d3ec03c4253c0dc3a78ce4,42,v0.5
star,61,3,0.0559,-0.0878,0.725,True,True,True,True,True,timeout,12.0001,5.5195,6.0,0.9199,0.7117,0.7117,0.2233,0.0797,0.041551,True,0.4802,0.8402,0,0.0,,6.294,4.386,6.442,0.0616,0.0732,4.676,0.21267,8.7929,147.112,846.9133,11.98,2,0.0,0.0,0.0,0,0.0,0.0,0.0,0,0.0,0.0,0.0,0,0.105,0.105,1.0,star_s2_d0.50_v0.5_e003,2,20969d4257e2c6cafb45167f1c374f74ffa8eb7245d3ec03c4253c0dc3a78ce4,42,v0.5
star,62,3,0.0952,0.091,-3.238,True,True,True,True,True,timeout,12.0001,5.5944,6.0,0.9324,0.7318,0.7318,0.2677,0.0768,0.041925,True,0.4934,0.8394,0,0.0,,6.739,4.224,6.632,0.0598,0.0728,4.669,0.21255,8.2021,186.64,851.2319,11.98,2,0.0,0.0,0.0,0,0.0,0.0,0.0,0,0.0,0.0,0.0,0,0.105,0.105,1.0,star_s2_d0.50_v0.5_e003,2,20969d4257e2c6cafb45167f1c374f74ffa8eb7245d3ec03c4253c0dc3a78ce4,42,v0.5
star,63,3,0.0691,-0.0734,4.702,True,True,True,True,True,timeout,12.0001,5.656,6.0,0.9427,0.471,0.4743,0.2622,0.0784,0.041807,True,0.4515,0.8157,0,0.0,,6.632,7.327,11.083,0.0648,0.0706,4.57,0.22265,6.4546,150.485,846.5054,11.96,2,0.0,0.0,0.0,0,113.679,14.5629,0.22,1,0.0,0.0,0.0,0,0.105,0.105,1.0,star_s2_d0.50_v0.5_e003,2,20969d4257e2c6cafb45167f1c374f74ffa8eb7245d3ec03c4253c0dc3a78ce4,42,v0.5
star,64,3,-0.077,-0.0474,2.365,True,True,True,True,True,timeout,12.0001,5.6776,6.0,0.9463,0.5315,0.537,0.2618,0.0751,0.04189,True,0.5106,0.7031,0,0.0,,7.021,7.379,10.625,0.0642,0.0673,4.582,0.22588,6.954,162.65,853.941,11.96,2,0.0,0.0,0.0,0,86.683,10.4801,0.24,3,0.0,0.0,0.0,0,0.105,0.105,1.0,star_s2_d0.50_v0.5_e003,2,20969d4257e2c6cafb45167f1c374f74ffa8eb7245d3ec03c4253c0dc3a78ce4,42,v0.5
star,65,3,-0.0114,0.0587,4.588,True,True,True,True,True,timeout,12.0001,5.6999,6.0,0.95,0.4039,0.4039,0.1646,0.0745,0.041938,True,0.4557,0.7845,0,0.0,,7.313,7.758,11.02,0.0665,0.0632,4.55,0.22231,5.6325,128.016,848.3868,11.98,2,0.0,0.0,0.0,0,0.0,0.0,0.0,0,0.0,0.0,0.0,0,0.105,0.105,1.0,star_s2_d0.50_v0.5_e003,2,20969d4257e2c6cafb45167f1c374f74ffa8eb7245d3ec03c4253c0dc3a78ce4,42,v0.5
star,66,3,-0.0483,-0.0719,0.29,True,True,True,True,True,timeout,12.0001,5.5595,6.0,0.9266,0.6575,0.6575,0.2073,0.0779,0.04199,True,0.4689,0.8531,0,0.0,,6.53,4.45,6.973,0.0628,0.0709,4.621,0.21201,8.1638,173.007,845.9063,11.96,2,0.0,0.0,0.0,0,22.389,0.4478,0.02,1,0.0,0.0,0.0,0,0.105,0.105,1.0,star_s2_d0.50_v0.5_e003,2,20969d4257e2c6cafb45167f1c374f74ffa8eb7245d3ec03c4253c0dc3a78ce4,42,v0.5
star,67,3,-0.0953,0.0591,-3.532,True,True,True,True,True,timeout,12.0001,5.5175,6.0,0.9196,0.5458,0.5458,0.1784,0.0767,0.042067,True,0.4794,0.8586,0,0.0,,4.191,3.623,5.848,0.0611,0.0699,4.612,0.20305,8.8788,121.343,835.127,11.96,2,0.0,0.0,0.0,0,0.0,0.0,0.0,0,0.0,0.0,0.0,0,0.105,0.0,0.0001,star_s2_d0.50_v0.5_e003,2,20969d4257e2c6cafb45167f1c374f74ffa8eb7245d3ec03c4253c0dc3a78ce4,42,v0.5
star,68,3,-0.0122,0.0749,-3.568,True,True,True,True,True,timeout,12.0001,5.5896,6.0,0.9316,0.7276,0.7276,0.2523,0.0771,0.041704,True,0.4859,0.8509,0,0.0,,6.535,4.411,6.478,0.0615,0.072,4.688,0.22314,8.1908,140.432,849.5146,11.96,2,0.0,0.0,0.0,0,73.81,2.6461,0.06,1,0.0,0.0,0.0,0,0.105,0.0,0.0001,star_s2_d0.50_v0.5_e003,2,20969d4257e2c6cafb45167f1c374f74ffa8eb7245d3ec03c4253c0dc3a78ce4,42,v0.5
star,69,3,-0.0203,0.0081,4.172,True,True,True,True,True,timeout,12.0001,5.6624,6.0,0.9437,0.4444,0.4444,0.227,0.076,0.04187,True,0.4541,0.8257,0,0.0,,6.879,7.201,11.15,0.0648,0.0674,4.557,0.23021,5.8844,144.786,850.5832,11.98,2,0.0,0.0,0.0,0,89.083,12.922,0.28,3,0.0,0.0,0.0,0,0.105,0.105,1.0,star_s2_d0.50_v0.5_e003,2,20969d4257e2c6cafb45167f1c374f74ffa8eb7245d3ec03c4253c0dc3a78ce4,42,v0.5
floating_ring,70,3,-0.0617,0.0868,4.706,True,True,True,True,True,timeout,12.0001,5.4834,6.0,0.9139,0.0657,0.114,0.1035,0.0872,0.04136,True,0.4655,0.8109,0,0.0,,6.946,17.421,22.208,0.0841,0.0629,4.696,0.23651,6.9239,168.326,839.9988,11.96,2,0.0,0.0,0.0,0,132.087,34.634,0.74,2,0.0,0.0,0.0,0,0.225,0.225,1.0,floating_ring_s2_d0.50_v0.5_e003,2,20969d4257e2c6cafb45167f1c374f74ffa8eb7245d3ec03c4253c0dc3a78ce4,42,v0.5
floating_ring,71,3,0.0336,-0.0096,1.833,True,True,True,True,True,timeout,12.0001,5.402,6.0,0.9003,0.1402,0.1821,0.1621,0.0937,0.040993,True,0.4599,0.5695,0,0.0,,7.196,15.105,20.069,0.0924,0.0652,4.634,0.24569,6.71,142.957,842.9071,11.98,2,0.0,0.0,0.0,0,112.085,20.9644,0.52,5,0.0,0.0,0.0,0,0.225,0.225,1.0,floating_ring_s2_d0.50_v0.5_e003,2,20969d4257e2c6cafb45167f1c374f74ffa8eb7245d3ec03c4253c0dc3a78ce4,42,v0.5
floating_ring,72,3,0.0123,0.0492,0.185,True,True,True,True,True,timeout,12.0001,5.4375,6.0,0.9063,0.1829,0.1925,0.1758,0.0916,0.040814,True,0.4609,0.6115,0,0.0,,7.202,15.764,20.744,0.0854,0.0673,4.683,0.24548,6.6224,151.434,846.7097,11.98,2,0.0,0.0,0.0,0,109.648,37.935,0.88,4,0.0,0.0,0.0,0,0.225,0.225,1.0,floating_ring_s2_d0.50_v0.5_e003,2,20969d4257e2c6cafb45167f1c374f74ffa8eb7245d3ec03c4253c0dc3a78ce4,42,v0.5
floating_ring,73,3,0.0646,-0.0717,3.386,True,True,True,True,True,timeout,12.0001,5.4548,6.0,0.9091,0.165,0.1819,0.1733,0.0886,0.041108,True,0.4726,0.6062,0,0.0,,7.066,15.298,20.198,0.0839,0.0651,4.694,0.25473,6.766,142.921,850.8286,11.98,2,0.0,0.0,0.0,0,131.007,22.8333,0.54,4,0.0,0.0,0.0,0,0.225,0.225,1.0,floating_ring_s2_d0.50_v0.5_e003,2,20969d4257e2c6cafb45167f1c374f74ffa8eb7245d3ec03c4253c0dc3a78ce4,42,v0.5
floating_ring,74,3,-0.0803,-0.0008,-4.73,True,True,True,True,True,timeout,12.0001,5.4675,6.0,0.9112,0.3637,0.365,0.0773,0.0863,0.041187,True,0.4657,0.7713,0,0.0,,6.455,16.446,21.668,0.0803,0.064,4.732,0.23987,6.6979,176.656,838.4637,11.96,2,0.0,0.0,0.0,0,208.311,20.8519,0.38,2,0.0,0.0,0.0,0,0.225,0.225,1.0,floating_ring_s2_d0.50_v0.5_e003,2,20969d4257e2c6cafb45167f1c374f74ffa8eb7245d3ec03c4253c0dc3a78ce4,42,v0.5
floating_ring,75,3,-0.0964,0.0467,-0.862,True,True,True,True,True,timeout,12.0001,5.5673,6.0,0.9279,0.0431,0.082,0.0569,0.0812,0.041528,True,0.4681,0.7899,0,0.0,,6.649,16.855,20.973,0.074,0.0627,4.708,0.23662,6.7661,135.361,841.7676,11.96,2,0.0,0.0,0.0,0,242.643,26.373,0.52,2,0.0,0.0,0.0,0,0.225,0.225,1.0,floating_ring_s2_d0.50_v0.5_e003,2,20969d4257e2c6cafb45167f1c374f74ffa8eb7245d3ec03c4253c0dc3a78ce4,42,v0.5
floating_ring,76,3,-0.0454,0.07,0.673,True,True,True,True,True,timeout,12.0001,5.5071,6.0,0.9179,0.0864,0.1022,0.0648,0.0873,0.041284,True,0.4775,0.7676,0,0.0,,7.074,15.538,21.334,0.0788,0.0659,4.705,0.24395,6.58,161.037,850.2855,11.98,2,0.0,0.0,0.0,0,277.708,16.0252,0.22,2,0.0,0.0,0.0,0,0.225,0.225,1.0,floating_ring_s2_d0.50_v0.5_e003,2,20969d4257e2c6cafb45167f1c374f74ffa8eb7245d3ec03c4253c0dc3a78ce4,42,v0.5
floating_ring,77,3,0.052,-0.0201,-1.471,True,True,True,True,True,timeout,12.0001,5.4984,6.0,0.9164,0.2128,0.2128,0.0168,0.0896,0.040835,True,0.4737,0.6138,0,0.0,,7.011,14.92,20.346,0.083,0.0679,4.739,0.25781,6.6798,125.371,851.056,11.96,2,0.0,0.0,0.0,0,345.425,30.2633,0.5,7,0.0,0.0,0.0,0,0.225,0.225,1.0,floating_ring_s2_d0.50_v0.5_e003,2,20969d4257e2c6cafb45167f1c374f74ffa8eb7245d3ec03c4253c0dc3a78ce4,42,v0.5
floating_ring,78,3,-0.0905,0.0238,-0.04,True,True,True,True,True,timeout,12.0001,5.4801,6.0,0.9133,0.1128,0.1128,0.027,0.0882,0.041277,True,0.4421,0.7798,0,0.0,,6.389,16.573,21.788,0.0842,0.0638,4.689,0.23452,6.8137,126.279,837.0335,11.96,2,0.0,0.0,0.0,0,97.329,16.1416,0.32,2,0.0,0.0,0.0,0,0.225,0.225,1.0,floating_ring_s2_d0.50_v0.5_e003,2,20969d4257e2c6cafb45167f1c374f74ffa8eb7245d3ec03c4253c0dc3a78ce4,42,v0.5
floating_ring,79,3,0.0267,-0.0417,-3.158,True,True,True,True,True,timeout,12.0001,5.4073,6.0,0.9012,0.0203,0.2032,0.1327,0.0932,0.040899,True,0.4695,0.5537,0,0.0,,7.166,15.311,20.378,0.0874,0.0684,4.723,0.25421,6.4677,146.393,844.8435,11.98,2,0.0,0.0,0.0,0,106.893,38.4608,0.82,7,0.0,0.0,0.0,0,0.225,0.225,1.0,floating_ring_s2_d0.50_v0.5_e003,2,20969d4257e2c6cafb45167f1c374f74ffa8eb7245d3ec03c4253c0dc3a78ce4,42,v0.5
repeated_boxes,80,3,-0.0433,-0.0336,-0.772,True,True,True,True,True,timeout,12.0001,5.4439,6.0,0.9073,0.3988,0.4009,0.1242,0.0806,0.041811,True,0.4793,0.7865,0,0.0,,3.174,7.686,10.163,0.0645,0.0711,4.612,0.21503,6.9658,120.807,828.3799,11.98,2,0.0,0.0,0.0,0,55.552,10.2556,0.32,2,0.0,0.0,0.0,0,0.084,0.06,0.7144,repeated_boxes_s2_d0.50_v0.5_e003,2,20969d4257e2c6cafb45167f1c374f74ffa8eb7245d3ec03c4253c0dc3a78ce4,42,v0.5
repeated_boxes,81,3,-0.0748,-0.0975,-0.626,True,True,True,True,True,timeout,12.0001,5.4761,6.0,0.9127,0.4891,0.4912,0.1664,0.08,0.041907,True,0.4845,0.8364,0,0.0,,3.32,5.767,8.049,0.0633,0.0722,4.569,0.21895,6.5974,167.35,833.7944,11.96,2,0.0,0.0,0.0,0,41.78,1.8793,0.06,1,0.0,0.0,0.0,0,0.0834,0.06,0.7196,repeated_boxes_s2_d0.50_v0.5_e003,2,20969d4257e2c6cafb45167f1c374f74ffa8eb7245d3ec03c4253c0dc3a78ce4,42,v0.5
repeated_boxes,82,3,-0.0955,0.0769,3.288,True,True,True,True,True,timeout,12.0001,5.4871,6.0,0.9145,0.5601,0.5601,0.1759,0.0793,0.041919,True,0.4563,0.819,0,0.0,,3.814,6.443,9.169,0.0628,0.0714,4.559,0.21494,6.065,119.773,841.3932,11.98,2,0.0,0.0,0.0,0,42.373,5.6461,0.22,4,0.0,0.0,0.0,0,0.0836,0.0637,0.7617,repeated_boxes_s2_d0.50_v0.5_e003,2,20969d4257e2c6cafb45167f1c374f74ffa8eb7245d3ec03c4253c0dc3a78ce4,42,v0.5
repeated_boxes,83,3,0.0642,0.034,2.289,True,True,True,True,True,timeout,12.0001,5.4725,6.0,0.9121,0.2962,0.299,0.0915,0.0801,0.042014,True,0.4576,0.8272,0,0.0,,3.234,6.128,7.48,0.0654,0.0691,4.563,0.21463,6.2867,110.297,826.8511,11.96,2,0.0,0.0,0.0,0,48.424,3.0655,0.1,2,0.0,0.0,0.0,0,0.0832,0.0675,0.8106,repeated_boxes_s2_d0.50_v0.5_e003,2,20969d4257e2c6cafb45167f1c374f74ffa8eb7245d3ec03c4253c0dc3a78ce4,42,v0.5
repeated_boxes,84,3,0.0699,-0.0219,-0.759,True,True,True,True,True,timeout,12.0001,5.4774,6.0,0.9129,0.1844,0.193,0.0581,0.0762,0.04196,True,0.4755,0.8383,0,0.0,,2.671,4.683,7.335,0.0625,0.0644,4.6,0.21216,7.2547,135.158,820.624,11.98,2,0.0,0.0,0.0,0,69.574,2.2972,0.04,1,0.0,0.0,0.0,0,0.0841,0.06,0.7133,repeated_boxes_s2_d0.50_v0.5_e003,2,20969d4257e2c6cafb45167f1c374f74ffa8eb7245d3ec03c4253c0dc3a78ce4,42,v0.5
repeated_boxes,85,3,-0.034,0.096,-3.993,True,True,True,True,True,timeout,12.0001,5.4882,6.0,0.9147,0.2914,0.2914,0.1402,0.077,0.041906,True,0.4337,0.7821,0,0.0,,2.799,8.344,10.846,0.0629,0.0667,4.647,0.2148,7.8333,172.992,824.0337,11.96,2,0.0,0.0,0.0,0,0.0,0.0,0.0,0,0.0,0.0,0.0,0,0.0841,0.06,0.7136,repeated_boxes_s2_d0.50_v0.5_e003,2,20969d4257e2c6cafb45167f1c374f74ffa8eb7245d3ec03c4253c0dc3a78ce4,42,v0.5
repeated_boxes,86,3,-0.061,0.0525,-3.1,True,True,True,True,True,timeout,12.0001,5.4753,6.0,0.9125,0.3413,0.343,0.1488,0.0774,0.041986,True,0.4821,0.8385,0,0.0,,3.162,5.385,8.032,0.0638,0.0665,4.601,0.2131,7.2306,124.38,819.1962,11.96,2,0.0,0.0,0.0,0,28.966,1.3715,0.06,1,0.0,0.0,0.0,0,0.0839,0.06,0.7153,repeated_boxes_s2_d0.50_v0.5_e003,2,20969d4257e2c6cafb45167f1c374f74ffa8eb7245d3ec03c4253c0dc3a78ce4,42,v0.5
repeated_boxes,87,3,0.0372,-0.0831,-2.846,True,True,True,True,True,timeout,12.0001,5.4932,6.0,0.9155,0.385,0.385,0.1909,0.0766,0.041926,True,0.4794,0.8425,0,0.0,,2.671,5.811,8.114,0.0627,0.0662,4.631,0.21494,7.9077,115.686,822.9285,11.96,2,0.0,0.0,0.0,0,82.191,11.046,0.24,1,0.0,0.0,0.0,0,0.0837,0.06,0.7169,repeated_boxes_s2_d0.50_v0.5_e003,2,20969d4257e2c6cafb45167f1c374f74ffa8eb7245d3ec03c4253c0dc3a78ce4,42,v0.5
repeated_boxes,88,3,0.0988,-0.0046,-1.254,True,True,True,True,True,timeout,12.0001,5.4658,6.0,0.911,0.284,0.2874,0.1231,0.0783,0.041958,True,0.4434,0.8381,0,0.0,,3.047,5.015,7.69,0.0638,0.0668,4.637,0.21383,7.5208,143.156,823.8005,11.96,2,0.0,0.0,0.0,0,38.524,6.662,0.28,1,0.0,0.0,0.0,0,0.0837,0.06,0.7172,repeated_boxes_s2_d0.50_v0.5_e003,2,20969d4257e2c6cafb45167f1c374f74ffa8eb7245d3ec03c4253c0dc3a78ce4,42,v0.5
repeated_boxes,89,3,0.0231,0.0677,1.724,True,True,True,True,True,timeout,12.0001,5.4535,6.0,0.9089,0.4663,0.4676,0.1334,0.0824,0.041631,True,0.4862,0.8193,0,0.0,,3.522,8.785,10.557,0.0645,0.0748,4.679,0.2171,6.9566,161.212,836.9175,11.96,2,0.0,0.0,0.0,0,44.987,4.2088,0.14,1,0.0,0.0,0.0,0,0.0839,0.0692,0.8246,repeated_boxes_s2_d0.50_v0.5_e003,2,20969d4257e2c6cafb45167f1c374f74ffa8eb7245d3ec03c4253c0dc3a78ce4,42,v0.5
repeated_cylinders,90,3,-0.0653,0.0935,-4.106,True,True,True,True,True,timeout,12.0001,5.4845,6.0,0.9141,0.1906,0.2025,0.123,0.0775,0.041891,True,0.434,0.8272,0,0.0,,3.092,5.373,8.394,0.0642,0.0663,4.624,0.21687,7.4876,117.523,822.4559,11.96,2,0.0,0.0,0.0,0,55.219,2.5999,0.12,2,0.0,0.0,0.0,0,0.0672,0.06,0.8934,repeated_cylinders_s2_d0.50_v0.5_e003,2,20969d4257e2c6cafb45167f1c374f74ffa8eb7245d3ec03c4253c0dc3a78ce4,42,v0.5
repeated_cylinders,91,3,0.0823,0.0903,2.841,True,True,True,True,True,timeout,12.0001,5.4282,6.0,0.9047,0.373,0.3769,0.1545,0.0827,0.041768,True,0.4749,0.7294,0,0.0,,3.121,5.115,8.145,0.0671,0.072,4.603,0.21708,6.4668,135.801,834.5892,11.98,2,0.0,0.0,0.0,0,53.361,12.5885,0.34,2,0.0,0.0,0.0,0,0.0672,0.06,0.8935,repeated_cylinders_s2_d0.50_v0.5_e003,2,20969d4257e2c6cafb45167f1c374f74ffa8eb7245d3ec03c4253c0dc3a78ce4,42,v0.5
repeated_cylinders,92,3,-0.0265,0.0073,3.683,True,True,True,True,True,timeout,12.0001,5.4423,6.0,0.9071,0.272,0.272,0.1152,0.0801,0.041816,True,0.46,0.7589,0,0.0,,2.865,7.609,10.528,0.0656,0.0679,4.628,0.21281,7.653,142.69,822.5195,11.96,2,0.0,0.0,0.0,0,57.891,16.6416,0.48,2,0.0,0.0,0.0,0,0.0672,0.06,0.8931,repeated_cylinders_s2_d0.50_v0.5_e003,2,20969d4257e2c6cafb45167f1c374f74ffa8eb7245d3ec03c4253c0dc3a78ce4,42,v0.5
repeated_cylinders,93,3,0.0135,-0.0375,-1.375,True,True,True,True,True,timeout,12.0001,5.4288,6.0,0.9048,0.4936,0.4936,0.1885,0.0807,0.041866,True,0.4773,0.7018,0,0.0,,3.139,7.019,10.002,0.067,0.0698,4.602,0.21273,6.6031,121.33,833.9993,11.96,2,0.0,0.0,0.0,0,0.0,0.0,0.0,0,0.0,0.0,0.0,0,0.067,0.0666,0.9942,repeated_cylinders_s2_d0.50_v0.5_e003,2,20969d4257e2c6cafb45167f1c374f74ffa8eb7245d3ec03c4253c0dc3a78ce4,42,v0.5
repeated_cylinders,94,3,0.0884,-0.0888,-4.357,True,True,True,True,True,timeout,12.0001,5.4613,6.0,0.9102,0.3022,0.305,0.097,0.0795,0.041858,True,0.4719,0.7675,0,0.0,,3.096,5.022,8.053,0.0641,0.0688,4.624,0.21775,6.7714,136.444,828.461,11.98,2,0.0,0.0,0.0,0,62.017,5.0224,0.16,3,0.0,0.0,0.0,0,0.0697,0.0641,0.9202,repeated_cylinders_s2_d0.50_v0.5_e003,2,20969d4257e2c6cafb45167f1c374f74ffa8eb7245d3ec03c4253c0dc3a78ce4,42,v0.5
repeated_cylinders,95,3,-0.0824,0.0094,4.256,True,True,True,True,True,timeout,12.0001,5.4445,6.0,0.9074,0.5563,0.5563,0.19,0.0791,0.041857,True,0.4584,0.8344,0,0.0,,3.135,5.866,8.725,0.0636,0.069,4.553,0.21529,7.1881,116.722,830.1422,11.98,2,0.0,0.0,0.0,0,80.536,13.2363,0.28,1,0.0,0.0,0.0,0,0.0671,0.06,0.8937,repeated_cylinders_s2_d0.50_v0.5_e003,2,20969d4257e2c6cafb45167f1c374f74ffa8eb7245d3ec03c4253c0dc3a78ce4,42,v0.5
repeated_cylinders,96,3,0.0531,-0.0713,-4.158,True,True,True,True,True,timeout,12.0001,5.3773,6.0,0.8962,0.3034,0.3034,0.108,0.0834,0.041485,True,0.4747,0.3534,0,0.0,,3.273,4.61,7.395,0.074,0.0676,4.66,0.2282,6.1522,112.187,825.0525,11.96,2,0.0,0.0,0.0,0,132.246,28.6688,0.64,4,0.0,0.0,0.0,0,0.0692,0.0635,0.9173,repeated_cylinders_s2_d0.50_v0.5_e003,2,20969d4257e2c6cafb45167f1c374f74ffa8eb7245d3ec03c4253c0dc3a78ce4,42,v0.5
repeated_cylinders,97,3,0.0924,-0.0284,-4.167,True,True,True,True,True,timeout,12.0001,5.4547,6.0,0.9091,0.2555,0.2555,0.1066,0.083,0.041485,True,0.4797,0.6387,0,0.0,,3.292,5.078,7.976,0.067,0.0721,4.822,0.23366,7.3963,160.987,836.9347,11.96,2,0.0,0.0,0.0,0,70.627,9.1635,0.24,3,0.0,0.0,0.0,0,0.0687,0.0623,0.9062,repeated_cylinders_s2_d0.50_v0.5_e003,2,20969d4257e2c6cafb45167f1c374f74ffa8eb7245d3ec03c4253c0dc3a78ce4,42,v0.5
repeated_cylinders,98,3,0.0469,-0.0775,-4.7,True,True,True,True,True,timeout,12.0001,5.4348,6.0,0.9058,0.3991,0.3991,0.1254,0.0812,0.041697,True,0.4822,0.7114,0,0.0,,3.142,5.26,8.046,0.0652,0.0701,4.7,0.22149,7.1567,152.763,825.9828,11.96,2,0.0,0.0,0.0,0,82.458,22.6085,0.58,4,0.0,0.0,0.0,0,0.0694,0.0636,0.9167,repeated_cylinders_s2_d0.50_v0.5_e003,2,20969d4257e2c6cafb45167f1c374f74ffa8eb7245d3ec03c4253c0dc3a78ce4,42,v0.5
repeated_cylinders,99,3,-0.0113,-0.0042,-0.296,True,True,True,True,True,timeout,12.0001,5.4678,6.0,0.9113,0.4946,0.4961,0.1496,0.0813,0.041829,True,0.4264,0.7589,0,0.0,,4.492,7.866,10.843,0.0656,0.0704,4.62,0.22223,6.5138,148.215,836.781,11.98,2,0.0,0.0,0.0,0,82.895,22.0317,0.5,3,0.0,0.0,0.0,0,0.0672,0.0625,0.931,repeated_cylinders_s2_d0.50_v0.5_e003,2,20969d4257e2c6cafb45167f1c374f74ffa8eb7245d3ec03c4253c0dc3a78ce4,42,v0.5
gap,33,4,0.0826,-0.0725,-3.433,False,False,False,False,False,base_contact,1.56,0.6039,6.0,0.1006,0.4231,0.4231,,0.3663,-0.015156,False,,,4,1433.521,0.92,162.052,33.521,33.521,0.3308,0.2861,8.571,1.20694,1.2531,246.725,109.9897,1.28,4,499.571,21.3714,0.12,2,484.341,31.7142,0.26,3,1433.521,40.5953,0.08,3,0.0,0.0,,gap_s2_d0.50_v0.5_e004,2,20969d4257e2c6cafb45167f1c374f74ffa8eb7245d3ec03c4253c0dc3a78ce4,42,v0.5
stepping_stones,25,6,0.0177,0.032,-2.829,False,True,False,False,False,timeout,12.0001,2.1873,6.0,0.3646,0.4161,0.4316,,0.3615,0.027197,False,,-0.5123,5,382.651,4.42,22.657,10.551,20.417,0.399,0.0608,4.975,0.26134,2.6524,347.589,1244.443,11.78,4,532.52,1518.5551,7.48,6,522.087,179.8023,8.5,15,382.651,11.5527,0.1,1,1.11,1.01,0.9099,stepping_stones_s2_d0.50_v0.5_e006,2,20969d4257e2c6cafb45167f1c374f74ffa8eb7245d3ec03c4253c0dc3a78ce4,42,v0.5
gap,31,4,-0.004,-0.0765,4.957,True,True,True,True,True,timeout,12.0001,5.5558,6.0,0.926,0.0144,0.1347,0.0996,0.1113,0.039378,True,0.4738,1.6612,0,0.0,,11.881,7.838,7.838,0.1306,0.0729,5.075,0.25944,8.0651,229.282,836.7834,11.96,2,0.0,0.0,0.0,0,608.637,83.0159,1.0,2,0.0,0.0,0.0,0,0.0,0.0,,gap_s2_d0.50_v0.5_e004,2,20969d4257e2c6cafb45167f1c374f74ffa8eb7245d3ec03c4253c0dc3a78ce4,42,v0.5
gap,35,4,-0.0936,0.038,-4.001,False,False,False,False,False,base_contact,1.98,0.1459,6.0,0.0243,0.1833,0.1833,,0.4637,-0.003993,False,,,12,2269.969,0.68,152.264,47.621,47.621,0.4409,0.2806,7.451,0.74691,1.2062,368.242,160.8195,1.76,6,129.995,19.9146,0.26,2,166.208,8.1936,0.08,3,2269.969,88.1663,0.24,6,0.0,0.0,,gap_s2_d0.50_v0.5_e004,2,20969d4257e2c6cafb45167f1c374f74ffa8eb7245d3ec03c4253c0dc3a78ce4,42,v0.5
stepping_stones,26,6,-0.0901,-0.0089,2.202,False,True,False,False,False,timeout,12.0001,1.3749,6.0,0.2291,0.1216,0.1564,,0.3967,0.026329,False,,-0.0439,430,1941.277,3.4,15.134,17.125,33.473,0.434,0.0362,7.06,0.17802,2.0139,282.8,722.909,11.86,2,246.729,229.3099,8.06,5,94.375,451.3326,9.28,8,1941.277,518.6692,8.62,2,1.11,0.7987,0.7196,stepping_stones_s2_d0.50_v0.5_e006,2,20969d4257e2c6cafb45167f1c374f74ffa8eb7245d3ec03c4253c0dc3a78ce4,42,v0.5
stepping_stones,29,6,0.0166,0.0894,3.894,False,True,False,False,False,timeout,12.0001,1.1635,6.0,0.1939,0.0881,0.0881,,0.4123,0.026322,False,,-0.2995,99,1437.614,0.0,81.309,19.455,35.092,0.4406,0.0533,5.274,0.18131,1.9843,308.789,493.8003,11.78,3,205.26,36.8929,0.42,3,340.764,292.2398,8.74,6,1437.614,182.7881,1.98,2,1.115,0.5063,0.4541,stepping_stones_s2_d0.50_v0.5_e006,2,20969d4257e2c6cafb45167f1c374f74ffa8eb7245d3ec03c4253c0dc3a78ce4,42,v0.5
gap,38,4,0.025,-0.0347,-3.899,True,True,True,True,True,timeout,12.0001,5.736,6.0,0.956,0.2917,0.2917,0.004,0.0926,0.040423,True,0.4499,1.5239,0,0.0,,7.863,5.478,5.478,0.0961,0.067,4.898,0.25632,7.4528,225.549,843.17,11.96,2,61.848,1.237,0.02,1,143.578,35.122,0.58,1,0.0,0.0,0.0,0,0.0,0.0,,gap_s2_d0.50_v0.5_e004,2,20969d4257e2c6cafb45167f1c374f74ffa8eb7245d3ec03c4253c0dc3a78ce4,42,v0.5
stepping_stones,24,4,0.0336,0.059,-1.281,False,True,False,False,False,timeout,12.0001,1.2442,6.0,0.2074,0.3369,0.3603,,0.4052,0.025919,False,,-0.4746,1,36.674,0.0,24.783,25.151,38.03,0.4294,0.0844,6.934,0.18622,3.754,386.641,671.7513,11.86,2,651.437,396.2854,8.36,4,266.088,59.2491,0.9,8,36.674,0.7335,0.02,1,1.11,1.01,0.9099,stepping_stones_s2_d0.50_v0.5_e004,2,20969d4257e2c6cafb45167f1c374f74ffa8eb7245d3ec03c4253c0dc3a78ce4,42,v0.5
gap,34,5,-0.0376,0.0054,3.487,True,True,True,True,True,timeout,12.0001,5.7919,6.0,0.9653,0.4433,0.455,0.3923,0.0985,0.040031,True,0.4407,1.482,0,0.0,,7.131,9.705,9.705,0.0976,0.0757,4.942,0.27511,7.5328,137.359,860.5621,11.98,2,0.0,0.0,0.0,0,343.513,35.9032,0.64,2,0.0,0.0,0.0,0,0.0,0.0,,gap_s2_d0.50_v0.5_e005,2,20969d4257e2c6cafb45167f1c374f74ffa8eb7245d3ec03c4253c0dc3a78ce4,42,v0.5
stepping_stones,20,6,0.0529,-0.0014,0.793,False,True,False,False,False,timeout,12.0001,1.4081,6.0,0.2347,0.3211,0.3253,,0.3887,0.026327,False,,-0.1186,1,94.992,0.0,40.636,38.395,48.823,0.419,0.0424,6.713,0.21235,3.3566,286.118,969.5919,11.86,2,92.115,302.7457,5.5,5,338.048,257.137,8.5,10,94.992,1.8998,0.02,1,1.115,1.0095,0.9054,stepping_stones_s2_d0.50_v0.5_e006,2,20969d4257e2c6cafb45167f1c374f74ffa8eb7245d3ec03c4253c0dc3a78ce4,42,v0.5
stepping_stones,21,5,-0.0459,0.0651,-2.974,False,False,False,False,False,base_contact,5.96,1.9962,6.0,0.3327,0.0388,0.2149,,0.2675,0.026303,False,,-0.9823,4,125.822,0.0,25.294,13.867,22.181,0.3233,0.1617,6.694,0.44242,3.1059,267.853,415.4691,5.74,3,744.826,57.7167,0.58,7,281.43,139.2148,2.16,14,125.822,4.3733,0.08,2,1.115,1.01,0.9058,stepping_stones_s2_d0.50_v0.5_e005,2,20969d4257e2c6cafb45167f1c374f74ffa8eb7245d3ec03c4253c0dc3a78ce4,42,v0.5
gap,34,6,0.0739,0.0071,-4.181,False,False,False,False,False,base_contact,2.28,0.536,6.0,0.0893,0.5175,0.5591,,0.6081,0.008196,False,,,0,0.0,,42.267,31.933,31.933,0.7273,0.2943,8.117,0.75219,1.4979,238.373,194.2786,2.2,4,277.782,12.8783,0.1,1,204.801,11.3916,0.14,3,0.0,0.0,0.0,0,0.0,0.0,,gap_s2_d0.50_v0.5_e006,2,20969d4257e2c6cafb45167f1c374f74ffa8eb7245d3ec03c4253c0dc3a78ce4,42,v0.5
stepping_stones,23,4,-0.0871,-0.0939,1.209,False,True,False,False,False,timeout,12.0001,1.4752,6.0,0.2459,0.4281,0.4484,,0.3861,0.027012,False,,-0.5459,371,335.679,0.0,33.261,22.519,31.629,0.4143,0.0931,5.737,0.20048,2.6658,284.684,551.6138,11.86,2,2163.163,781.5054,7.84,8,596.156,83.2905,1.78,9,335.679,237.2116,7.42,3,1.11,1.01,0.9099,stepping_stones_s2_d0.50_v0.5_e004,2,20969d4257e2c6cafb45167f1c374f74ffa8eb7245d3ec03c4253c0dc3a78ce4,42,v0.5
stepping_stones,28,5,-0.087,-0.0612,-0.796,False,False,False,False,False,base_contact,10.26,1.3302,6.0,0.2217,0.4109,0.437,,0.3763,0.025794,False,,-0.0827,334,2575.302,3.38,29.171,36.717,50.51,0.407,0.0737,6.857,0.23502,2.1081,303.777,496.3529,10.04,4,681.448,633.8995,6.66,3,528.677,67.9062,1.42,6,2575.302,2409.0364,6.7,3,1.11,1.01,0.9099,stepping_stones_s2_d0.50_v0.5_e005,2,20969d4257e2c6cafb45167f1c374f74ffa8eb7245d3ec03c4253c0dc3a78ce4,42,v0.5
stepping_stones,29,7,-0.0343,-0.0802,4.738,False,False,False,False,False,base_contact,5.06,1.3369,6.0,0.2228,0.1758,0.1758,,0.2671,0.027611,False,,-0.2153,74,1798.007,3.16,39.173,23.512,37.813,0.3177,0.0848,7.06,0.30622,2.1392,313.432,343.2434,4.82,3,283.083,58.1806,1.02,5,280.128,135.1603,2.16,9,1798.007,113.9058,1.48,5,1.11,1.0083,0.9084,stepping_stones_s2_d0.50_v0.5_e007,2,20969d4257e2c6cafb45167f1c374f74ffa8eb7245d3ec03c4253c0dc3a78ce4,42,v0.5
stepping_stones,26,7,0.0735,-0.0715,3.433,False,False,False,True,False,base_contact,5.7,2.1922,6.0,0.3654,0.1139,0.1771,,0.2048,0.028631,False,,-0.1228,1,49.241,0.0,14.284,11.731,23.304,0.2067,0.174,6.498,0.46093,3.0568,288.373,395.2399,5.32,5,265.705,78.6247,0.94,9,348.695,191.9902,2.74,12,49.241,0.9848,0.02,1,1.11,1.0021,0.9028,stepping_stones_s2_d0.50_v0.5_e007,2,20969d4257e2c6cafb45167f1c374f74ffa8eb7245d3ec03c4253c0dc3a78ce4,42,v0.5
stepping_stones,25,7,-0.0656,0.003,1.105,False,False,False,True,False,base_contact,6.48,2.3465,6.0,0.3911,0.1125,0.1364,,0.2332,0.025562,False,,-0.6856,1,964.627,6.32,16.936,12.2,20.442,0.2729,0.1422,6.962,0.59611,3.0421,302.77,506.3962,6.22,4,340.283,73.9345,0.7,6,650.292,183.0086,2.48,22,964.627,19.2925,0.02,1,1.11,1.0006,0.9014,stepping_stones_s2_d0.50_v0.5_e007,2,20969d4257e2c6cafb45167f1c374f74ffa8eb7245d3ec03c4253c0dc3a78ce4,42,v0.5
stepping_stones,29,8,-0.0306,0.0452,0.749,False,False,False,True,False,base_contact,4.22,1.5232,6.0,0.2539,0.2947,0.304,,0.2074,0.029478,False,,-0.145,18,213.29,0.0,31.318,24.703,32.073,0.2259,0.1333,6.071,0.35295,2.357,300.434,306.3001,4.06,1,1299.536,39.5494,0.26,6,322.055,82.8866,1.56,6,213.29,22.1651,0.36,4,1.115,1.0099,0.9057,stepping_stones_s2_d0.50_v0.5_e008,2,20969d4257e2c6cafb45167f1c374f74ffa8eb7245d3ec03c4253c0dc3a78ce4,42,v0.5
discrete_obstacles,0,4,0.0344,0.0264,4.084,True,True,True,True,True,timeout,12.0001,5.4602,6.0,0.91,0.3836,0.3837,0.1713,0.0813,0.04106,True,0.4426,0.7734,0,0.0,,3.169,5.747,5.702,0.0745,0.0685,4.667,0.22191,7.5968,339.865,818.412,11.86,2,0.0,0.0,0.0,0,0.0,0.0,0.0,0,0.0,0.0,0.0,0,0.21,0.05,0.2381,discrete_obstacles_s2_d0.50_v0.5_e004,2,20969d4257e2c6cafb45167f1c374f74ffa8eb7245d3ec03c4253c0dc3a78ce4,42,v0.5
discrete_obstacles,1,4,-0.0122,0.0529,-1.335,True,True,True,True,True,timeout,12.0001,5.4511,6.0,0.9085,0.3395,0.3433,0.1397,0.0801,0.041063,True,0.4343,0.8408,0,0.0,,3.036,3.554,4.931,0.0745,0.0664,4.661,0.22058,7.7267,282.437,813.1781,11.88,2,0.0,0.0,0.0,0,0.0,0.0,0.0,0,0.0,0.0,0.0,0,0.21,0.05,0.2381,discrete_obstacles_s2_d0.50_v0.5_e004,2,20969d4257e2c6cafb45167f1c374f74ffa8eb7245d3ec03c4253c0dc3a78ce4,42,v0.5
discrete_obstacles,2,4,-0.082,-0.0772,-4.282,True,True,True,True,True,timeout,12.0001,5.4411,6.0,0.9069,0.4539,0.4553,0.1422,0.081,0.0409,True,0.4612,0.6932,0,0.0,,5.242,8.873,11.732,0.0785,0.0654,4.69,0.22975,6.6412,327.66,833.8318,11.88,2,0.0,0.0,0.0,0,61.244,8.4467,0.28,3,0.0,0.0,0.0,0,0.155,0.1361,0.8781,discrete_obstacles_s2_d0.50_v0.5_e004,2,20969d4257e2c6cafb45167f1c374f74ffa8eb7245d3ec03c4253c0dc3a78ce4,42,v0.5
discrete_obstacles,3,4,-0.0157,0.0173,-2.534,True,True,True,True,True,timeout,12.0001,5.4299,6.0,0.905,0.5757,0.5766,0.2482,0.0822,0.04119,True,0.4328,0.8247,0,0.0,,3.283,4.74,5.745,0.0754,0.0687,4.668,0.21699,7.6147,295.73,823.3713,11.88,2,0.0,0.0,0.0,0,0.0,0.0,0.0,0,0.0,0.0,0.0,0,0.21,0.05,0.2381,discrete_obstacles_s2_d0.50_v0.5_e004,2,20969d4257e2c6cafb45167f1c374f74ffa8eb7245d3ec03c4253c0dc3a78ce4,42,v0.5
discrete_obstacles,4,4,0.0363,0.0024,3.046,True,True,True,True,True,timeout,12.0001,5.4774,6.0,0.9129,0.303,0.3084,0.1259,0.0798,0.041174,True,0.4698,0.8462,0,0.0,,3.401,4.285,5.176,0.0735,0.0672,4.602,0.21861,7.1282,326.176,824.0262,11.88,2,0.0,0.0,0.0,0,0.0,0.0,0.0,0,0.0,0.0,0.0,0,0.21,0.05,0.2381,discrete_obstacles_s2_d0.50_v0.5_e004,2,20969d4257e2c6cafb45167f1c374f74ffa8eb7245d3ec03c4253c0dc3a78ce4,42,v0.5
discrete_obstacles,5,4,-0.069,-0.0502,3.579,True,True,True,True,True,timeout,12.0001,5.4204,6.0,0.9034,0.3925,0.3925,0.1614,0.0818,0.041226,True,0.472,0.7663,0,0.0,,3.091,3.636,4.896,0.0763,0.0668,4.638,0.21716,7.2517,221.455,818.4001,11.88,2,0.0,0.0,0.0,0,0.0,0.0,0.0,0,0.0,0.0,0.0,0,0.21,0.05,0.2381,discrete_obstacles_s2_d0.50_v0.5_e004,2,20969d4257e2c6cafb45167f1c374f74ffa8eb7245d3ec03c4253c0dc3a78ce4,42,v0.5
discrete_obstacles,6,4,-0.0324,0.0629,2.195,True,True,True,True,True,timeout,12.0001,5.4747,6.0,0.9124,0.3966,0.4008,0.1459,0.0789,0.041315,True,0.4566,0.8427,0,0.0,,3.067,5.893,6.333,0.0732,0.0671,4.65,0.22405,8.0194,349.024,810.3776,11.86,2,0.0,0.0,0.0,0,0.0,0.0,0.0,0,0.0,0.0,0.0,0,0.21,0.05,0.2381,discrete_obstacles_s2_d0.50_v0.5_e004,2,20969d4257e2c6cafb45167f1c374f74ffa8eb7245d3ec03c4253c0dc3a78ce4,42,v0.5
discrete_obstacles,7,4,-0.0871,-0.0443,4.125,True,True,True,True,True,timeout,12.0001,5.433,6.0,0.9055,0.3877,0.3877,0.1565,0.0812,0.04129,True,0.4889,0.762,0,0.0,,2.936,4.705,5.046,0.0759,0.0667,4.626,0.22209,7.331,333.755,822.3063,11.86,2,0.0,0.0,0.0,0,0.0,0.0,0.0,0,0.0,0.0,0.0,0,0.21,0.05,0.2381,discrete_obstacles_s2_d0.50_v0.5_e004,2,20969d4257e2c6cafb45167f1c374f74ffa8eb7245d3ec03c4253c0dc3a78ce4,42,v0.5
discrete_obstacles,8,4,0.0419,0.0153,0.125,True,True,True,True,True,timeout,12.0001,5.4833,6.0,0.9139,0.4012,0.4012,0.185,0.0791,0.041417,True,0.4531,0.8463,0,0.0,,3.202,4.062,5.128,0.0736,0.067,4.598,0.219,7.4803,337.056,820.6515,11.86,2,0.0,0.0,0.0,0,0.0,0.0,0.0,0,0.0,0.0,0.0,0,0.21,0.05,0.2381,discrete_obstacles_s2_d0.50_v0.5_e004,2,20969d4257e2c6cafb45167f1c374f74ffa8eb7245d3ec03c4253c0dc3a78ce4,42,v0.5
discrete_obstacles,9,4,0.0754,-0.0816,1.933,True,True,True,True,True,timeout,12.0001,5.4804,6.0,0.9134,0.4336,0.4336,0.1616,0.0813,0.04106,True,0.4862,0.6703,0,0.0,,3.104,5.728,6.787,0.0766,0.0685,4.727,0.22583,7.4301,270.504,829.013,11.86,2,0.0,0.0,0.0,0,0.0,0.0,0.0,0,0.0,0.0,0.0,0,0.21,0.05,0.2381,discrete_obstacles_s2_d0.50_v0.5_e004,2,20969d4257e2c6cafb45167f1c374f74ffa8eb7245d3ec03c4253c0dc3a78ce4,42,v0.5
wave,10,4,-0.0268,0.079,4.469,True,True,True,True,True,timeout,12.0001,5.5544,6.0,0.9257,0.4638,0.4638,0.1559,0.0781,0.041858,True,0.5126,-0.0487,0,0.0,,3.749,6.317,9.055,0.0692,0.0694,4.558,0.21221,7.3506,322.783,835.388,11.92,2,0.0,0.0,0.0,0,0.0,0.0,0.0,0,0.0,0.0,0.0,0,0.14,0.1091,0.7794,wave_s2_d0.50_v0.5_e004,2,20969d4257e2c6cafb45167f1c374f74ffa8eb7245d3ec03c4253c0dc3a78ce4,42,v0.5
wave,11,4,-0.0021,0.0429,-1.173,True,True,True,True,True,timeout,12.0001,5.4839,6.0,0.914,0.4009,0.4009,0.1057,0.0783,0.041795,True,0.4773,0.0,0,0.0,,3.645,6.338,8.844,0.0711,0.0674,4.604,0.20946,7.5756,335.469,835.2546,11.92,2,0.0,0.0,0.0,0,0.0,0.0,0.0,0,0.0,0.0,0.0,0,0.1219,0.0714,0.5861,wave_s2_d0.50_v0.5_e004,2,20969d4257e2c6cafb45167f1c374f74ffa8eb7245d3ec03c4253c0dc3a78ce4,42,v0.5
wave,12,4,-0.0891,-0.0505,-1.012,True,True,True,True,True,timeout,12.0001,5.4736,6.0,0.9123,0.4955,0.4955,0.1622,0.078,0.041714,True,0.5255,-0.0974,0,0.0,,3.965,6.795,9.288,0.072,0.0665,4.603,0.20981,7.0367,380.915,838.0171,11.92,2,0.0,0.0,0.0,0,0.0,0.0,0.0,0,0.0,0.0,0.0,0,0.1262,0.0724,0.5731,wave_s2_d0.50_v0.5_e004,2,20969d4257e2c6cafb45167f1c374f74ffa8eb7245d3ec03c4253c0dc3a78ce4,42,v0.5
wave,13,4,0.0351,0.0704,4.646,True,True,True,True,True,timeout,12.0001,5.5399,6.0,0.9233,0.3958,0.3958,0.1243,0.0771,0.041886,True,0.4867,-0.0682,0,0.0,,3.644,6.347,9.023,0.069,0.068,4.561,0.21198,7.1459,246.514,829.636,11.94,2,0.0,0.0,0.0,0,0.0,0.0,0.0,0,0.0,0.0,0.0,0,0.14,0.102,0.7283,wave_s2_d0.50_v0.5_e004,2,20969d4257e2c6cafb45167f1c374f74ffa8eb7245d3ec03c4253c0dc3a78ce4,42,v0.5
wave,14,4,0.0248,-0.0579,4.082,True,True,True,True,True,timeout,12.0001,5.5092,6.0,0.9182,0.2853,0.2904,0.0493,0.0768,0.041791,True,0.4704,0.0,0,0.0,,3.974,6.54,8.989,0.0708,0.0657,4.597,0.21133,7.5858,303.988,830.0854,11.94,2,0.0,0.0,0.0,0,0.0,0.0,0.0,0,0.0,0.0,0.0,0,0.1367,0.0778,0.569,wave_s2_d0.50_v0.5_e004,2,20969d4257e2c6cafb45167f1c374f74ffa8eb7245d3ec03c4253c0dc3a78ce4,42,v0.5
wave,15,4,0.0359,0.0178,-0.046,True,True,True,True,True,timeout,12.0001,5.5007,6.0,0.9168,0.3082,0.3088,0.074,0.0777,0.041849,True,0.4679,-0.084,0,0.0,,3.693,6.344,8.737,0.0707,0.0667,4.602,0.2119,7.6833,277.943,832.3917,11.94,2,0.0,0.0,0.0,0,0.0,0.0,0.0,0,0.0,0.0,0.0,0,0.1213,0.0714,0.5888,wave_s2_d0.50_v0.5_e004,2,20969d4257e2c6cafb45167f1c374f74ffa8eb7245d3ec03c4253c0dc3a78ce4,42,v0.5
wave,16,4,-0.0833,0.0556,1.117,True,True,True,True,True,timeout,12.0001,5.513,6.0,0.9188,0.3427,0.3427,0.1433,0.0775,0.041671,True,0.5255,-0.0889,0,0.0,,3.591,6.425,9.065,0.071,0.0661,4.579,0.21274,7.4525,281.34,829.6826,11.92,2,0.0,0.0,0.0,0,0.0,0.0,0.0,0,0.0,0.0,0.0,0,0.1371,0.0796,0.5808,wave_s2_d0.50_v0.5_e004,2,20969d4257e2c6cafb45167f1c374f74ffa8eb7245d3ec03c4253c0dc3a78ce4,42,v0.5
wave,17,4,-0.0909,0.0215,4.709,True,True,True,True,True,timeout,12.0001,5.5441,6.0,0.924,0.3365,0.3385,0.1436,0.0778,0.041795,True,0.47,0.0,0,0.0,,3.733,6.524,9.195,0.0706,0.068,4.549,0.21048,6.8528,319.189,833.8864,11.92,2,0.0,0.0,0.0,0,0.0,0.0,0.0,0,0.0,0.0,0.0,0,0.14,0.0985,0.7038,wave_s2_d0.50_v0.5_e004,2,20969d4257e2c6cafb45167f1c374f74ffa8eb7245d3ec03c4253c0dc3a78ce4,42,v0.5
wave,18,4,-0.0631,-0.0333,-2.754,True,True,True,True,True,timeout,12.0001,5.4606,6.0,0.9101,0.4311,0.4311,0.0987,0.0785,0.041673,True,0.4947,0.0,0,0.0,,3.82,6.928,9.525,0.0723,0.0668,4.591,0.20747,6.6076,244.77,837.4563,11.92,2,0.0,0.0,0.0,0,0.0,0.0,0.0,0,0.0,0.0,0.0,0,0.1315,0.0721,0.5485,wave_s2_d0.50_v0.5_e004,2,20969d4257e2c6cafb45167f1c374f74ffa8eb7245d3ec03c4253c0dc3a78ce4,42,v0.5
wave,19,4,-0.0153,0.0212,4.486,True,True,True,True,True,timeout,12.0001,5.5319,6.0,0.922,0.3455,0.3455,0.0861,0.0767,0.041812,True,0.4931,0.0,0,0.0,,3.789,6.459,9.248,0.0698,0.0671,4.586,0.21236,7.2911,349.932,831.712,11.92,2,0.0,0.0,0.0,0,0.0,0.0,0.0,0,0.0,0.0,0.0,0,0.14,0.0916,0.6543,wave_s2_d0.50_v0.5_e004,2,20969d4257e2c6cafb45167f1c374f74ffa8eb7245d3ec03c4253c0dc3a78ce4,42,v0.5
stepping_stones,22,4,-0.0179,-0.0889,-2.399,False,True,False,False,False,timeout,12.0001,1.2096,6.0,0.2016,0.2093,0.3314,,0.4066,0.026165,False,,-0.326,33,192.333,0.0,81.916,15.475,30.714,0.4374,0.0589,5.778,0.19347,2.4911,370.805,557.314,11.86,2,274.805,457.6713,7.98,5,363.031,216.4773,9.56,9,192.333,59.8062,0.66,4,1.11,0.6858,0.6179,stepping_stones_s2_d0.50_v0.5_e004,2,20969d4257e2c6cafb45167f1c374f74ffa8eb7245d3ec03c4253c0dc3a78ce4,42,v0.5
stepping_stones,27,4,0.0653,-0.0594,0.806,False,True,False,False,False,timeout,12.0001,1.3746,6.0,0.2291,0.1673,0.2258,,0.4041,0.026764,False,,-0.2234,0,0.0,,9.956,8.921,24.208,0.431,0.0657,5.666,0.19321,2.4043,326.934,910.5894,11.86,2,88.235,3.2068,0.06,1,177.279,39.3919,0.96,6,0.0,0.0,0.0,0,1.11,0.9673,0.8714,stepping_stones_s2_d0.50_v0.5_e004,2,20969d4257e2c6cafb45167f1c374f74ffa8eb7245d3ec03c4253c0dc3a78ce4,42,v0.5
gap,30,4,0.0507,-0.0062,2.541,True,True,True,True,True,timeout,12.0001,5.7607,6.0,0.9601,0.0201,0.1888,0.1541,0.0942,0.040044,True,0.4819,1.3923,0,0.0,,7.552,8.9,8.9,0.0975,0.072,5.009,0.26874,7.7968,205.262,851.6478,11.96,2,0.0,0.0,0.0,0,699.158,59.2753,0.66,2,0.0,0.0,0.0,0,0.0,0.0,,gap_s2_d0.50_v0.5_e004,2,20969d4257e2c6cafb45167f1c374f74ffa8eb7245d3ec03c4253c0dc3a78ce4,42,v0.5
gap,32,4,0.0005,-0.0003,3.02,True,True,True,True,True,timeout,12.0001,5.7281,6.0,0.9547,0.1294,0.1672,0.0941,0.0945,0.040158,True,0.4596,1.5323,0,0.0,,7.833,6.499,6.499,0.0985,0.0688,4.962,0.26823,6.6533,172.283,840.5501,11.96,2,76.784,1.5357,0.02,1,297.009,43.5528,0.64,2,0.0,0.0,0.0,0,0.0,0.0,,gap_s2_d0.50_v0.5_e004,2,20969d4257e2c6cafb45167f1c374f74ffa8eb7245d3ec03c4253c0dc3a78ce4,42,v0.5
gap,36,4,-0.0392,-0.0215,1.344,True,True,True,True,True,timeout,12.0001,5.7772,6.0,0.9629,0.2853,0.305,0.2884,0.0957,0.040405,True,0.4528,1.4126,0,0.0,,6.867,7.931,7.931,0.0963,0.0703,4.93,0.27201,6.7772,160.952,850.8608,11.96,2,0.0,0.0,0.0,0,575.794,45.109,0.58,2,0.0,0.0,0.0,0,0.0,0.0,,gap_s2_d0.50_v0.5_e004,2,20969d4257e2c6cafb45167f1c374f74ffa8eb7245d3ec03c4253c0dc3a78ce4,42,v0.5
gap,37,4,0.0076,0.0021,1.883,True,True,True,True,True,timeout,12.0001,5.7041,6.0,0.9507,0.6422,0.6427,0.4379,0.0893,0.040639,True,0.458,1.4061,0,0.0,,7.071,7.63,7.63,0.0888,0.0673,4.953,0.26465,6.5835,171.345,856.985,11.96,2,0.0,0.0,0.0,0,97.037,21.518,0.56,1,0.0,0.0,0.0,0,0.0,0.0,,gap_s2_d0.50_v0.5_e004,2,20969d4257e2c6cafb45167f1c374f74ffa8eb7245d3ec03c4253c0dc3a78ce4,42,v0.5
gap,39,4,-0.0277,-0.0722,-0.778,True,True,True,True,True,timeout,12.0001,5.7928,6.0,0.9655,0.5393,0.5393,0.3605,0.0901,0.04069,True,0.4637,1.322,0,0.0,,5.796,7.074,7.074,0.0891,0.0688,4.953,0.27138,7.0532,218.605,849.8511,11.96,2,0.0,0.0,0.0,0,542.509,38.2626,0.6,2,0.0,0.0,0.0,0,0.0,0.0,,gap_s2_d0.50_v0.5_e004,2,20969d4257e2c6cafb45167f1c374f74ffa8eb7245d3ec03c4253c0dc3a78ce4,42,v0.5
pit,40,4,0.0069,-0.003,-1.186,True,True,True,True,True,timeout,12.0001,5.646,6.0,0.941,0.2462,0.2551,0.1777,0.0785,0.041724,True,0.4666,0.8428,0,0.0,,6.98,15.019,24.933,0.0695,0.0623,4.687,0.23666,7.0404,149.439,834.6577,11.98,2,0.0,0.0,0.0,0,0.0,0.0,0.0,0,0.0,0.0,0.0,0,0.2,0.2,1.0,pit_s2_d0.50_v0.5_e004,2,20969d4257e2c6cafb45167f1c374f74ffa8eb7245d3ec03c4253c0dc3a78ce4,42,v0.5
pit,41,4,0.0322,-0.0419,4.07,True,True,True,True,True,timeout,12.0001,5.6481,6.0,0.9414,0.1541,0.1668,0.1274,0.0788,0.041656,True,0.4668,0.8446,0,0.0,,6.706,14.943,24.717,0.069,0.0633,4.689,0.23851,6.8971,107.921,832.995,11.98,2,0.0,0.0,0.0,0,0.0,0.0,0.0,0,0.0,0.0,0.0,0,0.2,0.2,1.0,pit_s2_d0.50_v0.5_e004,2,20969d4257e2c6cafb45167f1c374f74ffa8eb7245d3ec03c4253c0dc3a78ce4,42,v0.5
pit,42,4,0.0467,0.0245,-3.328,True,True,True,True,True,timeout,12.0001,5.6365,6.0,0.9394,0.1684,0.1688,0.1477,0.0789,0.041768,True,0.4666,0.8468,0,0.0,,7.032,14.797,24.613,0.0706,0.0621,4.667,0.23962,6.6762,121.521,835.236,11.98,2,0.0,0.0,0.0,0,0.0,0.0,0.0,0,0.0,0.0,0.0,0,0.2,0.2,1.0,pit_s2_d0.50_v0.5_e004,2,20969d4257e2c6cafb45167f1c374f74ffa8eb7245d3ec03c4253c0dc3a78ce4,42,v0.5
pit,43,4,0.0078,0.0591,-2.966,True,True,True,True,True,timeout,12.0001,5.6374,6.0,0.9396,0.2551,0.2646,0.1739,0.0785,0.04174,True,0.4699,0.8467,0,0.0,,7.29,14.95,24.595,0.0692,0.0624,4.698,0.23659,7.2173,142.369,832.0797,11.98,2,0.0,0.0,0.0,0,0.0,0.0,0.0,0,0.0,0.0,0.0,0,0.2,0.2,1.0,pit_s2_d0.50_v0.5_e004,2,20969d4257e2c6cafb45167f1c374f74ffa8eb7245d3ec03c4253c0dc3a78ce4,42,v0.5
pit,44,4,-0.0283,0.0993,4.271,True,True,True,True,True,timeout,12.0001,5.6358,6.0,0.9393,0.2165,0.228,0.1329,0.0795,0.041838,True,0.4676,0.843,0,0.0,,6.981,14.758,24.601,0.0694,0.0638,4.687,0.23263,6.9878,118.454,828.6588,11.96,2,0.0,0.0,0.0,0,0.0,0.0,0.0,0,0.0,0.0,0.0,0,0.2,0.2,1.0,pit_s2_d0.50_v0.5_e004,2,20969d4257e2c6cafb45167f1c374f74ffa8eb7245d3ec03c4253c0dc3a78ce4,42,v0.5
pit,45,4,0.0463,0.0792,-3.455,True,True,True,True,True,timeout,12.0001,5.6437,6.0,0.9406,0.2169,0.2228,0.1722,0.0792,0.041635,True,0.4673,0.8426,0,0.0,,7.172,14.965,24.649,0.07,0.0628,4.691,0.2397,6.8249,139.175,835.0394,11.98,2,0.0,0.0,0.0,0,0.0,0.0,0.0,0,0.0,0.0,0.0,0,0.2,0.2,1.0,pit_s2_d0.50_v0.5_e004,2,20969d4257e2c6cafb45167f1c374f74ffa8eb7245d3ec03c4253c0dc3a78ce4,42,v0.5
pit,46,4,-0.0187,-0.0837,-2.341,True,True,True,True,True,timeout,12.0001,5.6349,6.0,0.9391,0.2451,0.2566,0.1664,0.0784,0.041805,True,0.4688,0.8487,0,0.0,,7.191,15.001,24.942,0.0689,0.0627,4.692,0.23496,6.8954,138.385,829.9612,11.96,2,0.0,0.0,0.0,0,0.0,0.0,0.0,0,0.0,0.0,0.0,0,0.2,0.2,1.0,pit_s2_d0.50_v0.5_e004,2,20969d4257e2c6cafb45167f1c374f74ffa8eb7245d3ec03c4253c0dc3a78ce4,42,v0.5
pit,47,4,0.087,-0.0269,4.892,True,True,True,True,True,timeout,12.0001,5.6318,6.0,0.9386,0.1986,0.2062,0.1703,0.0782,0.041605,True,0.4638,0.8287,0,0.0,,7.26,15.217,24.958,0.0697,0.062,4.718,0.24891,6.7305,116.469,832.7759,11.98,2,0.0,0.0,0.0,0,62.635,1.2527,0.02,1,0.0,0.0,0.0,0,0.2,0.2,1.0,pit_s2_d0.50_v0.5_e004,2,20969d4257e2c6cafb45167f1c374f74ffa8eb7245d3ec03c4253c0dc3a78ce4,42,v0.5
pit,48,4,0.0976,-0.0132,-2.85,True,True,True,True,True,timeout,12.0001,5.6442,6.0,0.9407,0.1083,0.1281,0.1268,0.0786,0.041681,True,0.4658,0.8412,0,0.0,,6.538,15.373,25.152,0.0693,0.063,4.701,0.24542,6.8841,145.854,834.9335,11.98,2,0.0,0.0,0.0,0,114.446,2.2889,0.02,1,0.0,0.0,0.0,0,0.2,0.2,1.0,pit_s2_d0.50_v0.5_e004,2,20969d4257e2c6cafb45167f1c374f74ffa8eb7245d3ec03c4253c0dc3a78ce4,42,v0.5
pit,49,4,-0.055,-0.0644,-3.027,True,True,True,True,True,timeout,12.0001,5.6298,6.0,0.9383,0.1401,0.1531,0.0947,0.0792,0.041896,True,0.4643,0.844,0,0.0,,6.849,14.927,24.888,0.0676,0.065,4.691,0.23098,7.2461,185.06,826.2993,11.96,2,0.0,0.0,0.0,0,0.0,0.0,0.0,0,0.0,0.0,0.0,0,0.2,0.2,1.0,pit_s2_d0.50_v0.5_e004,2,20969d4257e2c6cafb45167f1c374f74ffa8eb7245d3ec03c4253c0dc3a78ce4,42,v0.5
rails,50,4,-0.0756,0.0916,-3.91,True,True,True,True,True,timeout,12.0001,5.477,6.0,0.9128,0.0695,0.0735,0.0423,0.0822,0.041139,True,0.4418,0.5006,0,0.0,,3.749,5.419,5.921,0.0698,0.0726,4.88,0.25955,6.399,169.789,834.9238,11.98,2,0.0,0.0,0.0,0,104.48,77.0672,1.54,6,0.0,0.0,0.0,0,0.115,0.115,1.0,rails_s2_d0.50_v0.5_e004,2,20969d4257e2c6cafb45167f1c374f74ffa8eb7245d3ec03c4253c0dc3a78ce4,42,v0.5
rails,51,4,0.0354,-0.0736,-1.615,True,True,True,True,True,timeout,12.0001,5.3934,6.0,0.8989,0.4385,0.4386,0.1948,0.0901,0.040823,True,0.5142,-0.037,0,0.0,,5.922,4.662,5.087,0.0864,0.0735,4.804,0.26254,5.4181,133.099,851.4839,11.96,2,212.85,4.257,0.02,1,117.943,31.9675,0.72,3,0.0,0.0,0.0,0,0.115,0.115,1.0,rails_s2_d0.50_v0.5_e004,2,20969d4257e2c6cafb45167f1c374f74ffa8eb7245d3ec03c4253c0dc3a78ce4,42,v0.5
rails,52,4,-0.083,0.0126,-2.248,True,True,True,True,True,timeout,12.0001,5.4666,6.0,0.9111,0.0241,0.0889,0.0652,0.0835,0.041171,True,0.4447,0.5103,0,0.0,,3.605,4.929,5.436,0.0695,0.0754,4.854,0.25659,5.8735,175.124,837.567,11.96,2,0.0,0.0,0.0,0,254.475,87.3174,1.58,6,0.0,0.0,0.0,0,0.115,0.115,1.0,rails_s2_d0.50_v0.5_e004,2,20969d4257e2c6cafb45167f1c374f74ffa8eb7245d3ec03c4253c0dc3a78ce4,42,v0.5
rails,53,4,-0.0578,0.0105,1.522,True,True,True,True,True,timeout,12.0001,5.5098,6.0,0.9183,0.2287,0.2313,0.0452,0.0838,0.041362,True,0.3844,0.7005,0,0.0,,3.18,8.204,8.792,0.0706,0.0728,4.813,0.26535,5.7921,132.87,855.218,11.96,2,0.0,0.0,0.0,0,316.748,64.8775,1.24,5,0.0,0.0,0.0,0,0.115,0.115,1.0,rails_s2_d0.50_v0.5_e004,2,20969d4257e2c6cafb45167f1c374f74ffa8eb7245d3ec03c4253c0dc3a78ce4,42,v0.5
rails,54,4,-0.0288,0.0387,-2.55,True,True,True,True,True,timeout,12.0001,5.5372,6.0,0.9229,0.1122,0.1163,0.0037,0.0802,0.041275,True,0.4348,0.7195,0,0.0,,4.959,5.793,6.296,0.0681,0.0684,4.75,0.25877,5.5272,143.166,845.0593,11.96,2,0.0,0.0,0.0,0,367.168,52.4405,0.98,6,0.0,0.0,0.0,0,0.115,0.115,1.0,rails_s2_d0.50_v0.5_e004,2,20969d4257e2c6cafb45167f1c374f74ffa8eb7245d3ec03c4253c0dc3a78ce4,42,v0.5
rails,55,4,-0.0145,-0.0042,1.798,True,True,True,True,True,timeout,12.0001,5.4735,6.0,0.9122,0.5349,0.535,0.2,0.0805,0.04083,True,0.5079,0.754,0,0.0,,3.092,6.518,6.932,0.0655,0.0712,4.825,0.26127,6.0825,129.33,838.2913,11.98,2,0.0,0.0,0.0,0,197.352,96.1753,1.6,4,0.0,0.0,0.0,0,0.115,0.115,1.0,rails_s2_d0.50_v0.5_e004,2,20969d4257e2c6cafb45167f1c374f74ffa8eb7245d3ec03c4253c0dc3a78ce4,42,v0.5
rails,56,4,0.049,-0.0119,-3.333,True,True,True,True,True,timeout,12.0001,5.3602,6.0,0.8934,0.1675,0.1767,0.0627,0.0927,0.040754,True,0.5076,-0.3581,0,0.0,,5.74,5.881,6.289,0.1036,0.0686,4.841,0.26199,5.4742,118.534,846.4529,11.96,2,0.0,0.0,0.0,0,302.581,47.1635,0.86,5,0.0,0.0,0.0,0,0.115,0.115,1.0,rails_s2_d0.50_v0.5_e004,2,20969d4257e2c6cafb45167f1c374f74ffa8eb7245d3ec03c4253c0dc3a78ce4,42,v0.5
rails,57,4,0.0758,0.0403,-2.288,True,True,True,True,True,timeout,12.0001,5.5921,6.0,0.932,0.2354,0.2354,0.0948,0.082,0.041486,True,0.553,0.7899,0,0.0,,2.962,5.284,5.671,0.0683,0.0701,4.645,0.25345,6.0764,163.193,847.0247,11.96,2,0.0,0.0,0.0,0,110.504,77.5626,1.46,4,0.0,0.0,0.0,0,0.115,0.115,1.0,rails_s2_d0.50_v0.5_e004,2,20969d4257e2c6cafb45167f1c374f74ffa8eb7245d3ec03c4253c0dc3a78ce4,42,v0.5
rails,58,4,0.0884,-0.091,-0.836,True,True,True,True,True,timeout,12.0001,5.5576,6.0,0.9263,0.2061,0.2061,0.0081,0.0841,0.041337,True,0.5532,0.5936,0,0.0,,3.18,7.344,8.076,0.0699,0.0725,4.768,0.24477,6.4335,148.508,844.2236,11.98,2,0.0,0.0,0.0,0,131.056,54.4556,1.12,5,0.0,0.0,0.0,0,0.115,0.115,1.0,rails_s2_d0.50_v0.5_e004,2,20969d4257e2c6cafb45167f1c374f74ffa8eb7245d3ec03c4253c0dc3a78ce4,42,v0.5
rails,59,4,0.074,0.0815,-2.667,True,True,True,True,True,timeout,12.0001,5.5584,6.0,0.9264,0.1468,0.1497,0.0001,0.0842,0.04113,True,0.5357,0.5197,0,0.0,,3.135,5.366,5.78,0.0744,0.0703,4.772,0.24272,6.0104,182.756,847.5349,11.96,2,0.0,0.0,0.0,0,92.245,47.0758,1.04,4,0.0,0.0,0.0,0,0.115,0.115,1.0,rails_s2_d0.50_v0.5_e004,2,20969d4257e2c6cafb45167f1c374f74ffa8eb7245d3ec03c4253c0dc3a78ce4,42,v0.5
star,60,4,0.0868,0.0437,3.551,True,True,True,True,True,timeout,12.0001,5.6582,6.0,0.943,0.5695,0.5701,0.2611,0.0753,0.041976,True,0.4891,0.831,0,0.0,,7.545,7.893,11.865,0.0651,0.0649,4.633,0.22156,6.2736,178.596,845.9513,11.96,2,0.0,0.0,0.0,0,0.0,0.0,0.0,0,0.0,0.0,0.0,0,0.105,0.105,1.0,star_s2_d0.50_v0.5_e004,2,20969d4257e2c6cafb45167f1c374f74ffa8eb7245d3ec03c4253c0dc3a78ce4,42,v0.5
star,61,4,0.0665,-0.0189,3.367,True,True,True,True,True,timeout,12.0001,5.6734,6.0,0.9456,0.4769,0.4822,0.2765,0.0762,0.041874,True,0.4371,0.8365,0,0.0,,7.2,7.308,11.086,0.0646,0.0682,4.578,0.2252,6.5345,117.683,852.4151,11.96,2,0.0,0.0,0.0,0,92.479,9.9915,0.2,1,0.0,0.0,0.0,0,0.105,0.105,1.0,star_s2_d0.50_v0.5_e004,2,20969d4257e2c6cafb45167f1c374f74ffa8eb7245d3ec03c4253c0dc3a78ce4,42,v0.5
star,62,4,-0.0469,-0.0825,-4.731,True,True,True,True,True,timeout,12.0001,5.5102,6.0,0.9184,0.0116,0.0445,0.0437,0.0718,0.041838,True,0.3436,0.6604,0,0.0,,7.035,8.396,10.703,0.0739,0.0532,4.598,0.2245,5.1383,149.555,850.7028,11.96,2,0.0,0.0,0.0,0,100.963,12.8737,0.22,1,0.0,0.0,0.0,0,0.105,0.105,1.0,star_s2_d0.50_v0.5_e004,2,20969d4257e2c6cafb45167f1c374f74ffa8eb7245d3ec03c4253c0dc3a78ce4,42,v0.5
star,63,4,-0.0867,-0.0644,4.277,True,True,True,True,True,timeout,12.0001,5.6514,6.0,0.9419,0.4605,0.4605,0.2365,0.0744,0.041928,True,0.4744,0.8371,0,0.0,,7.225,7.318,11.153,0.0634,0.066,4.563,0.22177,6.9828,165.759,845.6531,11.96,2,0.0,0.0,0.0,0,93.047,13.5555,0.28,2,0.0,0.0,0.0,0,0.105,0.105,1.0,star_s2_d0.50_v0.5_e004,2,20969d4257e2c6cafb45167f1c374f74ffa8eb7245d3ec03c4253c0dc3a78ce4,42,v0.5
star,64,4,0.0401,0.0078,4.131,True,True,True,True,True,timeout,12.0001,5.6788,6.0,0.9465,0.3825,0.3894,0.2382,0.0758,0.041833,True,0.4318,0.8313,0,0.0,,6.981,7.466,11.275,0.0648,0.0667,4.553,0.22531,6.2504,141.965,852.2759,11.96,2,0.0,0.0,0.0,0,103.374,10.3526,0.2,1,0.0,0.0,0.0,0,0.105,0.105,1.0,star_s2_d0.50_v0.5_e004,2,20969d4257e2c6cafb45167f1c374f74ffa8eb7245d3ec03c4253c0dc3a78ce4,42,v0.5
star,65,4,0.0147,0.0423,3.955,True,True,True,True,True,timeout,12.0001,5.6731,6.0,0.9455,0.6078,0.6078,0.2356,0.076,0.041805,True,0.4899,0.8363,0,0.0,,7.77,7.095,9.815,0.0661,0.0661,4.569,0.22107,6.2197,132.657,847.5712,11.96,2,0.0,0.0,0.0,0,0.0,0.0,0.0,0,0.0,0.0,0.0,0,0.105,0.105,1.0,star_s2_d0.50_v0.5_e004,2,20969d4257e2c6cafb45167f1c374f74ffa8eb7245d3ec03c4253c0dc3a78ce4,42,v0.5
star,66,4,0.0392,0.0229,-2.882,True,True,True,True,True,timeout,12.0001,5.5143,6.0,0.9191,0.5581,0.5581,0.2032,0.0777,0.042068,True,0.4896,0.8292,0,0.0,,4.026,3.734,6.271,0.0609,0.0709,4.602,0.20254,8.6038,118.808,837.3994,11.96,2,0.0,0.0,0.0,0,0.0,0.0,0.0,0,0.0,0.0,0.0,0,0.105,0.0,0.0001,star_s2_d0.50_v0.5_e004,2,20969d4257e2c6cafb45167f1c374f74ffa8eb7245d3ec03c4253c0dc3a78ce4,42,v0.5
star,67,4,-0.0372,0.0745,2.651,True,True,True,True,True,timeout,12.0001,5.6882,6.0,0.948,0.3194,0.3194,0.2228,0.0759,0.041734,True,0.4379,0.8379,0,0.0,,6.917,7.721,11.48,0.0644,0.0669,4.574,0.22523,6.8727,154.533,843.3519,11.98,2,0.0,0.0,0.0,0,94.063,16.1663,0.32,3,0.0,0.0,0.0,0,0.105,0.105,1.0,star_s2_d0.50_v0.5_e004,2,20969d4257e2c6cafb45167f1c374f74ffa8eb7245d3ec03c4253c0dc3a78ce4,42,v0.5
star,68,4,0.0341,-0.01,2.898,True,True,True,True,True,timeout,12.0001,5.6775,6.0,0.9462,0.4615,0.4677,0.2619,0.0758,0.041867,True,0.4251,0.8432,0,0.0,,7.015,7.445,11.162,0.0646,0.0676,4.568,0.22483,6.4375,176.723,854.3964,11.96,2,0.0,0.0,0.0,0,98.681,7.381,0.16,1,0.0,0.0,0.0,0,0.105,0.105,1.0,star_s2_d0.50_v0.5_e004,2,20969d4257e2c6cafb45167f1c374f74ffa8eb7245d3ec03c4253c0dc3a78ce4,42,v0.5
star,69,4,0.0056,-0.0173,0.388,True,True,True,True,True,timeout,12.0001,5.5992,6.0,0.9332,0.7804,0.7804,0.252,0.0782,0.041421,True,0.5461,0.7954,0,0.0,,7.118,4.776,7.537,0.0652,0.0701,4.669,0.23076,7.4086,162.107,852.2079,11.98,2,0.0,0.0,0.0,0,77.182,10.2635,0.2,1,0.0,0.0,0.0,0,0.105,0.105,1.0,star_s2_d0.50_v0.5_e004,2,20969d4257e2c6cafb45167f1c374f74ffa8eb7245d3ec03c4253c0dc3a78ce4,42,v0.5
floating_ring,70,4,-0.0985,0.096,-3.701,True,True,True,True,True,timeout,12.0001,5.5251,6.0,0.9209,0.3447,0.3462,0.0756,0.0829,0.041326,True,0.4763,0.768,0,0.0,,6.561,17.244,21.492,0.075,0.0639,4.721,0.2384,6.7799,158.435,840.1106,11.96,2,0.0,0.0,0.0,0,154.553,25.5503,0.5,3,0.0,0.0,0.0,0,0.225,0.225,1.0,floating_ring_s2_d0.50_v0.5_e004,2,20969d4257e2c6cafb45167f1c374f74ffa8eb7245d3ec03c4253c0dc3a78ce4,42,v0.5
floating_ring,71,4,-0.0546,-0.0177,2.231,True,True,True,True,True,timeout,12.0001,5.4811,6.0,0.9135,0.0525,0.1148,0.0698,0.0865,0.041281,True,0.4685,0.784,0,0.0,,6.82,16.29,21.788,0.0823,0.062,4.718,0.23744,6.7662,139.906,836.0007,11.96,2,0.0,0.0,0.0,0,129.631,19.9814,0.34,3,0.0,0.0,0.0,0,0.225,0.225,1.0,floating_ring_s2_d0.50_v0.5_e004,2,20969d4257e2c6cafb45167f1c374f74ffa8eb7245d3ec03c4253c0dc3a78ce4,42,v0.5
floating_ring,72,4,-0.0697,-0.0385,-2.139,True,True,True,True,True,timeout,12.0001,5.5389,6.0,0.9232,0.2411,0.2445,0.0266,0.0825,0.041416,True,0.4643,0.7728,0,0.0,,6.532,17.134,21.312,0.0755,0.0622,4.701,0.23939,7.0135,150.255,843.0254,11.98,2,0.0,0.0,0.0,0,222.741,24.5877,0.38,2,0.0,0.0,0.0,0,0.225,0.225,1.0,floating_ring_s2_d0.50_v0.5_e004,2,20969d4257e2c6cafb45167f1c374f74ffa8eb7245d3ec03c4253c0dc3a78ce4,42,v0.5
floating_ring,73,4,0.0443,-0.0496,-3.303,True,True,True,True,True,timeout,12.0001,5.4253,6.0,0.9042,0.0227,0.1982,0.1257,0.0916,0.040908,True,0.4301,0.569,0,0.0,,6.942,15.315,20.297,0.0847,0.0688,4.743,0.25846,6.7637,135.356,843.2674,11.98,2,0.0,0.0,0.0,0,119.113,37.528,0.76,7,0.0,0.0,0.0,0,0.225,0.225,1.0,floating_ring_s2_d0.50_v0.5_e004,2,20969d4257e2c6cafb45167f1c374f74ffa8eb7245d3ec03c4253c0dc3a78ce4,42,v0.5
floating_ring,74,4,-0.0551,0.0405,0.39,True,True,True,True,True,timeout,12.0001,5.4738,6.0,0.9123,0.1952,0.1997,0.0025,0.0876,0.041152,True,0.4639,0.7782,0,0.0,,6.736,16.054,21.822,0.0809,0.064,4.699,0.23564,6.6043,168.539,837.0743,11.98,2,0.0,0.0,0.0,0,86.428,14.3389,0.26,1,0.0,0.0,0.0,0,0.225,0.225,1.0,floating_ring_s2_d0.50_v0.5_e004,2,20969d4257e2c6cafb45167f1c374f74ffa8eb7245d3ec03c4253c0dc3a78ce4,42,v0.5
floating_ring,75,4,0.0976,0.0752,2.837,True,True,True,True,True,timeout,12.0001,5.3825,6.0,0.8971,0.2919,0.2919,0.2502,0.0942,0.040921,True,0.4601,0.4738,0,0.0,,7.475,15.997,20.959,0.0893,0.07,4.725,0.26255,6.4616,134.557,844.3472,11.98,2,0.0,0.0,0.0,0,137.093,47.3075,1.1,7,0.0,0.0,0.0,0,0.225,0.225,1.0,floating_ring_s2_d0.50_v0.5_e004,2,20969d4257e2c6cafb45167f1c374f74ffa8eb7245d3ec03c4253c0dc3a78ce4,42,v0.5
floating_ring,76,4,-0.028,0.023,-4.537,True,True,True,True,True,timeout,12.0001,5.4971,6.0,0.9162,0.2195,0.2262,0.0181,0.0888,0.041163,True,0.4647,0.7149,0,0.0,,6.865,14.68,19.756,0.0832,0.0649,4.653,0.24289,6.8289,177.871,847.9862,11.98,2,0.0,0.0,0.0,0,185.94,26.2914,0.76,5,0.0,0.0,0.0,0,0.225,0.225,1.0,floating_ring_s2_d0.50_v0.5_e004,2,20969d4257e2c6cafb45167f1c374f74ffa8eb7245d3ec03c4253c0dc3a78ce4,42,v0.5
floating_ring,77,4,-0.051,0.0468,3.518,True,True,True,True,True,timeout,12.0001,5.4985,6.0,0.9164,0.1089,0.1165,0.0381,0.0858,0.041408,True,0.4654,0.8049,0,0.0,,7.091,16.299,21.504,0.0812,0.0627,4.705,0.2366,6.7506,148.207,837.7134,11.96,2,0.0,0.0,0.0,0,93.954,27.8397,0.66,2,0.0,0.0,0.0,0,0.225,0.225,1.0,floating_ring_s2_d0.50_v0.5_e004,2,20969d4257e2c6cafb45167f1c374f74ffa8eb7245d3ec03c4253c0dc3a78ce4,42,v0.5
floating_ring,78,4,-0.043,0.022,-2.896,True,True,True,True,True,timeout,12.0001,5.5777,6.0,0.9296,0.0956,0.098,0.0974,0.0793,0.041166,True,0.4614,0.763,0,0.0,,7.494,15.401,20.616,0.0727,0.0622,4.698,0.24741,6.5586,183.227,847.7715,11.98,2,0.0,0.0,0.0,0,105.255,30.6233,0.66,3,0.0,0.0,0.0,0,0.225,0.225,1.0,floating_ring_s2_d0.50_v0.5_e004,2,20969d4257e2c6cafb45167f1c374f74ffa8eb7245d3ec03c4253c0dc3a78ce4,42,v0.5
floating_ring,79,4,-0.0373,-0.0166,-1.703,True,True,True,True,True,timeout,12.0001,5.5036,6.0,0.9173,0.1462,0.1537,0.0275,0.0884,0.040995,True,0.4639,0.754,0,0.0,,6.81,15.669,21.366,0.082,0.0648,4.696,0.24402,6.6151,130.972,845.0759,11.98,2,0.0,0.0,0.0,0,190.989,20.0171,0.32,5,0.0,0.0,0.0,0,0.225,0.225,1.0,floating_ring_s2_d0.50_v0.5_e004,2,20969d4257e2c6cafb45167f1c374f74ffa8eb7245d3ec03c4253c0dc3a78ce4,42,v0.5
repeated_boxes,80,4,0.0109,-0.059,4.0,True,True,True,True,True,timeout,12.0001,5.457,6.0,0.9095,0.386,0.386,0.1306,0.0809,0.041795,True,0.4628,0.7897,0,0.0,,3.317,6.628,9.277,0.0649,0.0704,4.735,0.21965,6.3327,119.276,833.8147,11.96,2,0.0,0.0,0.0,0,46.67,11.1912,0.42,4,0.0,0.0,0.0,0,0.083,0.0694,0.8365,repeated_boxes_s2_d0.50_v0.5_e004,2,20969d4257e2c6cafb45167f1c374f74ffa8eb7245d3ec03c4253c0dc3a78ce4,42,v0.5
repeated_boxes,81,4,0.0475,0.0188,-3.085,True,True,True,True,True,timeout,12.0001,5.466,6.0,0.911,0.2781,0.2848,0.117,0.0768,0.042052,True,0.4782,0.8212,0,0.0,,2.721,4.637,7.274,0.0635,0.0646,4.618,0.21297,7.6189,117.003,818.0394,11.96,2,0.0,0.0,0.0,0,51.412,2.2195,0.06,1,0.0,0.0,0.0,0,0.0837,0.06,0.7166,repeated_boxes_s2_d0.50_v0.5_e004,2,20969d4257e2c6cafb45167f1c374f74ffa8eb7245d3ec03c4253c0dc3a78ce4,42,v0.5
repeated_boxes,82,4,-0.039,-0.0833,2.858,True,True,True,True,True,timeout,12.0001,5.4617,6.0,0.9103,0.3707,0.3707,0.139,0.08,0.042004,True,0.4415,0.7295,0,0.0,,3.023,8.59,11.144,0.0664,0.0685,4.598,0.21524,6.7899,146.458,831.9491,11.96,2,0.0,0.0,0.0,0,20.347,0.5542,0.04,1,0.0,0.0,0.0,0,0.084,0.0686,0.8166,repeated_boxes_s2_d0.50_v0.5_e004,2,20969d4257e2c6cafb45167f1c374f74ffa8eb7245d3ec03c4253c0dc3a78ce4,42,v0.5
repeated_boxes,83,4,-0.0769,-0.0163,0.503,True,True,True,True,True,timeout,12.0001,5.4226,6.0,0.9038,0.4623,0.4626,0.169,0.0805,0.042013,True,0.4306,0.7707,0,0.0,,3.115,5.891,8.449,0.067,0.0668,4.604,0.21852,6.3003,168.407,830.4395,11.96,2,0.0,0.0,0.0,0,79.112,22.6775,0.62,4,0.0,0.0,0.0,0,0.084,0.0702,0.8356,repeated_boxes_s2_d0.50_v0.5_e004,2,20969d4257e2c6cafb45167f1c374f74ffa8eb7245d3ec03c4253c0dc3a78ce4,42,v0.5
repeated_boxes,84,4,0.0317,0.0901,-3.803,True,True,True,True,True,timeout,12.0001,5.4746,6.0,0.9124,0.2351,0.2429,0.1073,0.0769,0.042098,True,0.4678,0.8427,0,0.0,,2.71,5.049,7.447,0.0634,0.0653,4.626,0.21364,7.8279,151.227,822.856,11.96,2,0.0,0.0,0.0,0,81.029,10.39,0.22,1,0.0,0.0,0.0,0,0.0839,0.06,0.7156,repeated_boxes_s2_d0.50_v0.5_e004,2,20969d4257e2c6cafb45167f1c374f74ffa8eb7245d3ec03c4253c0dc3a78ce4,42,v0.5
repeated_boxes,85,4,-0.0327,0.0981,-2.603,True,True,True,True,True,timeout,12.0001,5.444,6.0,0.9073,0.4465,0.4491,0.1589,0.081,0.041815,True,0.4514,0.7794,0,0.0,,3.202,8.554,11.193,0.0649,0.0708,4.589,0.21721,6.9819,161.185,831.2244,11.96,2,0.0,0.0,0.0,0,44.481,9.2911,0.36,1,0.0,0.0,0.0,0,0.0841,0.0735,0.874,repeated_boxes_s2_d0.50_v0.5_e004,2,20969d4257e2c6cafb45167f1c374f74ffa8eb7245d3ec03c4253c0dc3a78ce4,42,v0.5
repeated_boxes,86,4,0.0746,-0.0926,4.421,True,True,True,True,True,timeout,12.0001,5.425,6.0,0.9042,0.3502,0.3502,0.1167,0.0808,0.041789,True,0.4731,0.7104,0,0.0,,2.99,4.787,7.419,0.0673,0.0667,4.635,0.21927,6.9337,198.273,831.8083,11.96,2,0.0,0.0,0.0,0,60.943,15.1861,0.48,4,0.0,0.0,0.0,0,0.0836,0.0678,0.8114,repeated_boxes_s2_d0.50_v0.5_e004,2,20969d4257e2c6cafb45167f1c374f74ffa8eb7245d3ec03c4253c0dc3a78ce4,42,v0.5
repeated_boxes,87,4,-0.0598,0.0833,2.795,True,True,True,True,True,timeout,12.0001,5.4643,6.0,0.9107,0.5533,0.5533,0.1678,0.0811,0.041813,True,0.4526,0.7851,0,0.0,,3.662,8.476,11.406,0.0643,0.0727,4.613,0.21713,6.4896,119.034,839.4132,11.96,2,0.0,0.0,0.0,0,41.044,6.5155,0.2,2,0.0,0.0,0.0,0,0.0832,0.0651,0.7824,repeated_boxes_s2_d0.50_v0.5_e004,2,20969d4257e2c6cafb45167f1c374f74ffa8eb7245d3ec03c4253c0dc3a78ce4,42,v0.5
repeated_boxes,88,4,-0.087,0.0026,3.634,True,True,True,True,True,timeout,12.0001,5.4939,6.0,0.9156,0.555,0.5556,0.1723,0.0795,0.041898,True,0.4543,0.813,0,0.0,,3.87,6.322,8.706,0.0625,0.0716,4.611,0.2184,6.5522,162.956,836.9356,11.96,2,0.0,0.0,0.0,0,32.647,1.9194,0.06,3,0.0,0.0,0.0,0,0.0838,0.0653,0.7799,repeated_boxes_s2_d0.50_v0.5_e004,2,20969d4257e2c6cafb45167f1c374f74ffa8eb7245d3ec03c4253c0dc3a78ce4,42,v0.5
repeated_boxes,89,4,0.0748,0.0191,0.007,True,True,True,True,True,timeout,12.0001,5.466,6.0,0.911,0.3494,0.3494,0.1058,0.0794,0.041957,True,0.4528,0.8247,0,0.0,,3.257,4.946,7.662,0.0642,0.0688,4.608,0.2201,7.3175,118.52,830.0552,11.96,2,0.0,0.0,0.0,0,78.435,14.461,0.36,1,0.0,0.0,0.0,0,0.0837,0.0729,0.8705,repeated_boxes_s2_d0.50_v0.5_e004,2,20969d4257e2c6cafb45167f1c374f74ffa8eb7245d3ec03c4253c0dc3a78ce4,42,v0.5
repeated_cylinders,90,4,-0.0644,0.0132,3.199,True,True,True,True,True,timeout,12.0001,5.4773,6.0,0.9129,0.3285,0.3287,0.1385,0.0792,0.042091,True,0.4627,0.7935,0,0.0,,3.068,8.468,11.348,0.0645,0.0686,4.536,0.21089,7.1134,118.167,831.2592,11.96,2,0.0,0.0,0.0,0,17.04,2.5191,0.22,2,0.0,0.0,0.0,0,0.0672,0.06,0.8934,repeated_cylinders_s2_d0.50_v0.5_e004,2,20969d4257e2c6cafb45167f1c374f74ffa8eb7245d3ec03c4253c0dc3a78ce4,42,v0.5
repeated_cylinders,91,4,0.094,0.0542,-2.265,True,True,True,True,True,timeout,12.0001,5.476,6.0,0.9127,0.1019,0.112,0.0744,0.0791,0.04163,True,0.4646,0.7276,0,0.0,,2.858,4.969,7.999,0.0648,0.0674,4.68,0.21911,7.5286,145.338,827.6098,11.98,2,0.0,0.0,0.0,0,54.378,8.0667,0.3,3,0.0,0.0,0.0,0,0.0672,0.06,0.893,repeated_cylinders_s2_d0.50_v0.5_e004,2,20969d4257e2c6cafb45167f1c374f74ffa8eb7245d3ec03c4253c0dc3a78ce4,42,v0.5
repeated_cylinders,92,4,0.0732,0.0782,1.4,True,True,True,True,True,timeout,12.0001,5.4724,6.0,0.9121,0.2258,0.227,0.0497,0.0796,0.042041,True,0.4724,0.8316,0,0.0,,3.206,6.018,7.539,0.0637,0.0687,4.569,0.21323,6.4999,179.29,830.4401,11.96,2,0.0,0.0,0.0,0,31.698,2.3049,0.1,1,0.0,0.0,0.0,0,0.0672,0.061,0.9069,repeated_cylinders_s2_d0.50_v0.5_e004,2,20969d4257e2c6cafb45167f1c374f74ffa8eb7245d3ec03c4253c0dc3a78ce4,42,v0.5
repeated_cylinders,93,4,0.0503,0.0685,-0.269,True,True,True,True,True,timeout,12.0001,5.4197,6.0,0.9033,0.3371,0.3371,0.1077,0.0809,0.041783,True,0.4674,0.6745,0,0.0,,3.088,4.633,7.412,0.0673,0.0686,4.65,0.22556,5.8307,158.681,827.1193,11.96,2,0.0,0.0,0.0,0,102.365,27.2067,0.44,3,0.0,0.0,0.0,0,0.0672,0.0626,0.9316,repeated_cylinders_s2_d0.50_v0.5_e004,2,20969d4257e2c6cafb45167f1c374f74ffa8eb7245d3ec03c4253c0dc3a78ce4,42,v0.5
repeated_cylinders,94,4,0.0724,-0.0026,3.087,True,True,True,True,True,timeout,12.0001,5.4591,6.0,0.9099,0.3008,0.3008,0.07,0.0806,0.041986,True,0.4776,0.8274,0,0.0,,3.656,5.416,7.481,0.0646,0.0701,4.552,0.21073,6.4175,138.316,829.9888,11.96,2,0.0,0.0,0.0,0,33.323,1.075,0.04,1,0.0,0.0,0.0,0,0.0672,0.06,0.8933,repeated_cylinders_s2_d0.50_v0.5_e004,2,20969d4257e2c6cafb45167f1c374f74ffa8eb7245d3ec03c4253c0dc3a78ce4,42,v0.5
repeated_cylinders,95,4,0.0679,-0.0744,1.762,True,True,True,True,True,timeout,12.0001,5.4135,6.0,0.9023,0.3537,0.3537,0.1246,0.0826,0.041575,True,0.4282,0.5917,0,0.0,,3.179,4.781,7.56,0.0696,0.07,4.706,0.2213,6.7316,184.665,831.514,11.96,2,0.0,0.0,0.0,0,52.463,7.8812,0.2,3,0.0,0.0,0.0,0,0.067,0.0633,0.9441,repeated_cylinders_s2_d0.50_v0.5_e004,2,20969d4257e2c6cafb45167f1c374f74ffa8eb7245d3ec03c4253c0dc3a78ce4,42,v0.5
repeated_cylinders,96,4,0.0687,-0.0822,-1.312,True,True,True,True,True,timeout,12.0001,5.4471,6.0,0.9078,0.1459,0.1459,0.0545,0.0803,0.041902,True,0.4685,0.7076,0,0.0,,3.091,4.997,7.368,0.0662,0.0676,4.632,0.21456,6.9511,129.611,823.2921,11.96,2,0.0,0.0,0.0,0,49.882,6.7956,0.2,1,0.0,0.0,0.0,0,0.0672,0.0613,0.9127,repeated_cylinders_s2_d0.50_v0.5_e004,2,20969d4257e2c6cafb45167f1c374f74ffa8eb7245d3ec03c4253c0dc3a78ce4,42,v0.5
repeated_cylinders,97,4,-0.0574,0.0607,-1.301,True,True,True,True,True,timeout,12.0001,5.4471,6.0,0.9079,0.3691,0.3691,0.1096,0.0796,0.041732,True,0.435,0.7674,0,0.0,,3.192,8.268,11.205,0.0648,0.0699,4.595,0.21791,6.9245,116.566,824.6639,11.98,2,0.0,0.0,0.0,0,86.45,16.2631,0.42,2,0.0,0.0,0.0,0,0.067,0.0662,0.9871,repeated_cylinders_s2_d0.50_v0.5_e004,2,20969d4257e2c6cafb45167f1c374f74ffa8eb7245d3ec03c4253c0dc3a78ce4,42,v0.5
repeated_cylinders,98,4,0.024,0.0047,-4.36,True,True,True,True,True,timeout,12.0001,5.4767,6.0,0.9128,0.3384,0.3384,0.1231,0.0794,0.041798,True,0.4619,0.8103,0,0.0,,3.196,6.87,7.874,0.0637,0.0688,4.613,0.21402,7.152,117.5,836.2353,11.98,2,0.0,0.0,0.0,0,88.75,9.9709,0.2,1,0.0,0.0,0.0,0,0.0672,0.0619,0.9212,repeated_cylinders_s2_d0.50_v0.5_e004,2,20969d4257e2c6cafb45167f1c374f74ffa8eb7245d3ec03c4253c0dc3a78ce4,42,v0.5
repeated_cylinders,99,4,0.0468,-0.0429,-1.112,True,True,True,True,True,timeout,12.0001,5.4974,6.0,0.9162,0.2926,0.2926,0.1219,0.0786,0.042076,True,0.4901,0.8337,0,0.0,,3.099,5.118,7.896,0.0629,0.0692,4.564,0.21828,6.5499,144.076,830.7256,11.96,2,0.0,0.0,0.0,0,85.813,37.2582,0.88,3,0.0,0.0,0.0,0,0.0672,0.06,0.8924,repeated_cylinders_s2_d0.50_v0.5_e004,2,20969d4257e2c6cafb45167f1c374f74ffa8eb7245d3ec03c4253c0dc3a78ce4,42,v0.5
stepping_stones,26,8,0.0895,-0.0579,2.826,False,False,False,True,False,base_contact,4.8,2.1501,6.0,0.3584,0.2445,0.2445,,0.1739,0.031105,False,,0.1257,11,420.878,4.26,14.498,17.988,22.467,0.1873,0.1003,6.076,0.36468,3.0626,282.395,366.468,4.66,2,323.553,19.0385,0.24,6,559.759,105.0841,1.46,12,420.878,17.2655,0.24,3,1.11,0.9727,0.8763,stepping_stones_s2_d0.50_v0.5_e008,2,20969d4257e2c6cafb45167f1c374f74ffa8eb7245d3ec03c4253c0dc3a78ce4,42,v0.5
gap,33,5,-0.0427,0.0386,3.867,True,True,True,True,True,timeout,12.0001,5.7623,6.0,0.9604,0.4423,0.4478,0.3837,0.1002,0.04014,True,0.4437,1.4824,0,0.0,,7.536,9.53,9.53,0.1006,0.0761,4.947,0.27781,7.6226,151.253,855.6769,11.96,2,250.902,5.018,0.02,1,430.5,43.015,0.68,2,204.275,4.0855,0.02,1,0.0,0.0,,gap_s2_d0.50_v0.5_e005,2,20969d4257e2c6cafb45167f1c374f74ffa8eb7245d3ec03c4253c0dc3a78ce4,42,v0.5
gap,31,5,-0.0617,-0.0116,0.945,True,True,True,True,True,timeout,12.0001,5.765,6.0,0.9608,0.3381,0.3381,0.0278,0.097,0.040418,True,0.4275,1.6235,0,0.0,,7.832,8.133,8.133,0.104,0.0649,4.959,0.2653,7.4568,136.99,835.4847,11.96,2,219.126,7.9873,0.12,1,737.953,56.7332,0.68,2,0.0,0.0,0.0,0,0.0,0.0,,gap_s2_d0.50_v0.5_e005,2,20969d4257e2c6cafb45167f1c374f74ffa8eb7245d3ec03c4253c0dc3a78ce4,42,v0.5
gap,35,5,0.0382,-0.0142,-4.208,True,True,True,True,True,timeout,12.0001,5.8161,6.0,0.9694,0.215,0.26,0.2425,0.0938,0.040732,True,0.4385,1.357,0,0.0,,6.432,5.542,5.542,0.0916,0.0699,4.918,0.25426,6.5287,257.711,846.9476,11.94,1,0.0,0.0,0.0,0,606.68,36.3342,0.64,3,153.126,3.0625,0.02,1,0.0,0.0,,gap_s2_d0.50_v0.5_e005,2,20969d4257e2c6cafb45167f1c374f74ffa8eb7245d3ec03c4253c0dc3a78ce4,42,v0.5
gap,38,5,0.0246,-0.0183,0.08,True,True,True,True,True,timeout,12.0001,5.735,6.0,0.9558,0.5067,0.5111,0.3812,0.0891,0.040819,True,0.4414,1.2699,0,0.0,,6.688,7.126,7.126,0.0899,0.0667,4.886,0.2604,7.3998,179.512,856.611,11.96,2,0.0,0.0,0.0,0,273.582,27.8401,0.58,1,0.0,0.0,0.0,0,0.0,0.0,,gap_s2_d0.50_v0.5_e005,2,20969d4257e2c6cafb45167f1c374f74ffa8eb7245d3ec03c4253c0dc3a78ce4,42,v0.5
stepping_stones,24,5,0.0275,0.0313,-1.553,False,True,False,False,False,timeout,12.0001,1.1913,6.0,0.1986,0.0978,0.2036,,0.4064,0.026113,False,,-0.3355,54,1327.437,3.18,80.827,16.382,31.193,0.4325,0.064,5.665,0.19374,2.6402,294.074,477.4527,11.8,3,183.311,336.8653,7.92,8,391.34,364.1271,9.02,12,1327.437,102.3593,1.08,3,1.11,1.0098,0.9097,stepping_stones_s2_d0.50_v0.5_e005,2,20969d4257e2c6cafb45167f1c374f74ffa8eb7245d3ec03c4253c0dc3a78ce4,42,v0.5
stepping_stones,20,7,0.0029,0.0383,4.515,False,True,False,False,False,timeout,12.0001,1.2527,6.0,0.2088,0.0435,0.1079,,0.4121,0.027762,False,,-0.0367,436,1194.139,3.28,29.702,24.167,38.815,0.4412,0.0473,3.404,0.14268,2.3487,317.072,686.29,11.86,2,60.514,203.7808,7.1,1,177.954,68.4958,7.58,9,1194.139,756.2823,8.72,1,1.11,1.01,0.9099,stepping_stones_s2_d0.50_v0.5_e007,2,20969d4257e2c6cafb45167f1c374f74ffa8eb7245d3ec03c4253c0dc3a78ce4,42,v0.5
stepping_stones,21,6,-0.0135,-0.043,4.333,False,True,False,False,False,timeout,12.0001,1.9687,6.0,0.3281,0.0707,0.142,,0.3767,0.027355,False,,-0.032,385,2359.0,4.3,18.557,18.987,22.848,0.4151,0.0625,5.665,0.24332,2.8451,337.131,678.3835,11.86,2,305.834,29.1775,2.42,58,361.786,299.557,9.18,7,2359.0,736.4957,7.72,2,1.11,0.9954,0.8967,stepping_stones_s2_d0.50_v0.5_e006,2,20969d4257e2c6cafb45167f1c374f74ffa8eb7245d3ec03c4253c0dc3a78ce4,42,v0.5
gap,34,7,0.0893,-0.0835,-1.675,True,True,True,True,True,timeout,12.0001,5.5334,6.0,0.9222,0.3572,0.3572,0.3035,0.1158,0.038625,True,0.4623,1.2027,0,0.0,,8.798,8.175,8.175,0.1646,0.065,5.327,0.31113,6.9806,232.494,851.4415,11.96,2,0.0,0.0,0.0,0,651.019,99.1827,1.18,2,98.683,1.9737,0.02,1,0.0,0.0,,gap_s2_d0.50_v0.5_e007,2,20969d4257e2c6cafb45167f1c374f74ffa8eb7245d3ec03c4253c0dc3a78ce4,42,v0.5
stepping_stones,23,5,0.0581,0.0248,-4.491,False,True,False,False,False,timeout,12.0001,1.1759,6.0,0.196,0.4233,0.4234,,0.4019,0.026638,False,,-0.3105,408,211.348,0.0,25.771,40.26,51.71,0.4199,0.069,5.594,0.19183,2.3376,338.403,647.1003,11.84,3,959.089,1218.0933,8.16,7,330.887,53.484,0.96,5,211.348,1241.7448,8.16,3,1.11,1.01,0.9099,stepping_stones_s2_d0.50_v0.5_e005,2,20969d4257e2c6cafb45167f1c374f74ffa8eb7245d3ec03c4253c0dc3a78ce4,42,v0.5
stepping_stones,28,6,0.0186,0.0708,-3.355,False,True,False,False,False,timeout,12.0001,1.2846,6.0,0.2141,0.1722,0.2288,,0.4115,0.025805,False,,-0.0382,444,226.001,0.0,24.179,16.282,28.865,0.4404,0.0473,6.274,0.17734,2.475,287.679,743.8841,11.86,2,177.311,136.3776,8.48,5,151.363,57.1626,1.68,6,226.001,768.684,8.88,2,1.11,1.0004,0.9012,stepping_stones_s2_d0.50_v0.5_e006,2,20969d4257e2c6cafb45167f1c374f74ffa8eb7245d3ec03c4253c0dc3a78ce4,42,v0.5
stepping_stones,25,8,0.0628,0.0503,-1.512,False,True,False,False,False,timeout,12.0001,1.7069,6.0,0.2845,0.1852,0.1852,,0.3786,0.02573,False,,-0.2617,329,1352.232,5.42,82.121,16.299,24.05,0.4095,0.0806,6.996,0.24768,3.4153,284.145,802.4708,11.84,3,290.851,31.6838,0.4,7,775.513,234.5269,7.74,13,1352.232,267.2296,6.58,1,1.11,0.9662,0.8704,stepping_stones_s2_d0.50_v0.5_e008,2,20969d4257e2c6cafb45167f1c374f74ffa8eb7245d3ec03c4253c0dc3a78ce4,42,v0.5
stepping_stones,21,7,-0.0865,-0.0101,-0.569,False,False,False,False,False,base_contact,6.48,1.548,6.0,0.258,0.3636,0.4291,,0.2898,0.028143,False,,-0.6599,2,626.28,0.0,7.471,19.209,31.576,0.3265,0.0978,5.311,0.29728,2.4613,304.53,394.1667,6.14,5,479.582,68.3356,0.42,2,287.602,223.7411,3.16,8,626.28,13.9648,0.04,2,1.115,0.9778,0.8769,stepping_stones_s2_d0.50_v0.5_e007,2,20969d4257e2c6cafb45167f1c374f74ffa8eb7245d3ec03c4253c0dc3a78ce4,42,v0.5
stepping_stones,29,9,0.0559,0.0834,-4.454,False,True,False,False,False,timeout,12.0001,1.712,6.0,0.2853,0.1769,0.2483,,0.4089,0.024035,False,,-0.8074,359,1238.556,4.56,95.163,15.116,22.371,0.4231,0.1647,6.821,0.25218,3.1505,318.785,731.0914,11.82,3,255.106,44.4132,0.42,4,251.497,431.5469,8.54,9,1344.169,581.8525,7.2,6,1.11,1.01,0.9099,stepping_stones_s2_d0.50_v0.5_e009,2,20969d4257e2c6cafb45167f1c374f74ffa8eb7245d3ec03c4253c0dc3a78ce4,42,v0.5
discrete_obstacles,0,5,-0.0886,0.0719,-0.751,True,True,True,True,True,timeout,12.0001,5.4741,6.0,0.9123,0.3949,0.3956,0.1592,0.0805,0.041182,True,0.4591,0.8462,0,0.0,,3.248,5.207,5.369,0.074,0.067,4.593,0.21613,7.387,305.696,823.2596,11.88,2,0.0,0.0,0.0,0,0.0,0.0,0.0,0,0.0,0.0,0.0,0,0.21,0.05,0.2381,discrete_obstacles_s2_d0.50_v0.5_e005,2,20969d4257e2c6cafb45167f1c374f74ffa8eb7245d3ec03c4253c0dc3a78ce4,42,v0.5
discrete_obstacles,1,5,-0.0267,-0.0924,3.784,True,True,True,True,True,timeout,12.0001,5.4506,6.0,0.9084,0.5096,0.5096,0.2097,0.0798,0.041332,True,0.4692,0.8259,0,0.0,,3.394,4.342,5.414,0.0745,0.0671,4.647,0.21938,7.4886,344.798,828.2508,11.86,2,0.0,0.0,0.0,0,0.0,0.0,0.0,0,0.0,0.0,0.0,0,0.21,0.05,0.2381,discrete_obstacles_s2_d0.50_v0.5_e005,2,20969d4257e2c6cafb45167f1c374f74ffa8eb7245d3ec03c4253c0dc3a78ce4,42,v0.5
discrete_obstacles,2,5,-0.0007,0.0788,-1.336,True,True,True,True,True,timeout,12.0001,5.4668,6.0,0.9111,0.3425,0.3425,0.1433,0.0804,0.041104,True,0.457,0.8379,0,0.0,,3.052,3.357,4.819,0.0737,0.0676,4.588,0.2153,7.7215,223.828,818.3276,11.88,2,0.0,0.0,0.0,0,0.0,0.0,0.0,0,0.0,0.0,0.0,0,0.21,0.05,0.2381,discrete_obstacles_s2_d0.50_v0.5_e005,2,20969d4257e2c6cafb45167f1c374f74ffa8eb7245d3ec03c4253c0dc3a78ce4,42,v0.5
discrete_obstacles,3,5,-0.0392,0.0904,-4.878,True,True,True,True,True,timeout,12.0001,5.459,6.0,0.9098,0.5758,0.5762,0.2211,0.0807,0.041114,True,0.4624,0.8386,0,0.0,,3.16,4.7,5.438,0.0743,0.0665,4.647,0.2233,8.2479,292.178,822.652,11.86,2,0.0,0.0,0.0,0,0.0,0.0,0.0,0,0.0,0.0,0.0,0,0.155,0.05,0.3226,discrete_obstacles_s2_d0.50_v0.5_e005,2,20969d4257e2c6cafb45167f1c374f74ffa8eb7245d3ec03c4253c0dc3a78ce4,42,v0.5
discrete_obstacles,4,5,-0.0524,-0.0999,1.409,True,True,True,True,True,timeout,12.0001,5.4557,6.0,0.9093,0.562,0.5621,0.2019,0.0812,0.041219,True,0.454,0.702,0,0.0,,3.273,6.171,7.069,0.0754,0.0686,4.706,0.22147,7.491,334.129,835.3295,11.86,2,0.0,0.0,0.0,0,0.0,0.0,0.0,0,0.0,0.0,0.0,0,0.21,0.05,0.2381,discrete_obstacles_s2_d0.50_v0.5_e005,2,20969d4257e2c6cafb45167f1c374f74ffa8eb7245d3ec03c4253c0dc3a78ce4,42,v0.5
discrete_obstacles,5,5,0.02,0.0027,-0.421,True,True,True,True,True,timeout,12.0001,5.46,6.0,0.91,0.4374,0.4389,0.1772,0.0799,0.041086,True,0.4235,0.8384,0,0.0,,3.101,4.265,5.447,0.0743,0.0666,4.63,0.21977,7.8282,299.242,819.1785,11.88,2,0.0,0.0,0.0,0,0.0,0.0,0.0,0,0.0,0.0,0.0,0,0.21,0.05,0.2381,discrete_obstacles_s2_d0.50_v0.5_e005,2,20969d4257e2c6cafb45167f1c374f74ffa8eb7245d3ec03c4253c0dc3a78ce4,42,v0.5
discrete_obstacles,6,5,-0.0982,0.0921,1.044,True,True,True,True,True,timeout,12.0001,5.4806,6.0,0.9134,0.3252,0.3282,0.1121,0.078,0.04116,True,0.4927,0.8443,0,0.0,,3.354,4.564,4.99,0.0736,0.0657,4.616,0.21909,7.2345,286.983,825.7266,11.88,2,0.0,0.0,0.0,0,0.0,0.0,0.0,0,0.0,0.0,0.0,0,0.21,0.05,0.2381,discrete_obstacles_s2_d0.50_v0.5_e005,2,20969d4257e2c6cafb45167f1c374f74ffa8eb7245d3ec03c4253c0dc3a78ce4,42,v0.5
discrete_obstacles,7,5,-0.0986,-0.0608,-1.306,True,True,True,True,True,timeout,12.0001,5.4632,6.0,0.9105,0.5517,0.5517,0.1972,0.0792,0.041077,True,0.4272,0.6999,0,0.0,,3.448,9.121,11.106,0.0774,0.0636,4.798,0.23434,7.6333,298.934,842.4645,11.86,2,0.0,0.0,0.0,0,0.0,0.0,0.0,0,0.0,0.0,0.0,0,0.21,0.05,0.2381,discrete_obstacles_s2_d0.50_v0.5_e005,2,20969d4257e2c6cafb45167f1c374f74ffa8eb7245d3ec03c4253c0dc3a78ce4,42,v0.5
discrete_obstacles,8,5,-0.0471,0.0322,1.346,True,True,True,True,True,timeout,12.0001,5.4848,6.0,0.9141,0.2839,0.2917,0.1308,0.0792,0.041093,True,0.5007,0.8511,0,0.0,,3.2,4.508,5.079,0.0734,0.0669,4.586,0.21652,6.9862,345.373,827.121,11.88,2,0.0,0.0,0.0,0,0.0,0.0,0.0,0,0.0,0.0,0.0,0,0.21,0.05,0.2381,discrete_obstacles_s2_d0.50_v0.5_e005,2,20969d4257e2c6cafb45167f1c374f74ffa8eb7245d3ec03c4253c0dc3a78ce4,42,v0.5
discrete_obstacles,9,5,0.0348,-0.0306,2.051,True,True,True,True,True,timeout,12.0001,5.4788,6.0,0.9131,0.3919,0.3919,0.1678,0.0794,0.041074,True,0.461,0.8491,0,0.0,,3.536,4.953,5.848,0.0731,0.0679,4.618,0.22057,7.4264,233.92,823.2912,11.88,2,0.0,0.0,0.0,0,0.0,0.0,0.0,0,0.0,0.0,0.0,0,0.21,0.05,0.2381,discrete_obstacles_s2_d0.50_v0.5_e005,2,20969d4257e2c6cafb45167f1c374f74ffa8eb7245d3ec03c4253c0dc3a78ce4,42,v0.5
wave,10,5,0.0733,0.0274,2.317,True,True,True,True,True,timeout,12.0001,5.5127,6.0,0.9188,0.358,0.358,0.086,0.0765,0.041877,True,0.4842,-0.0576,0,0.0,,3.667,6.45,8.975,0.0691,0.0661,4.595,0.2103,7.9823,204.037,831.8126,11.94,2,0.0,0.0,0.0,0,0.0,0.0,0.0,0,0.0,0.0,0.0,0,0.1373,0.0795,0.5788,wave_s2_d0.50_v0.5_e005,2,20969d4257e2c6cafb45167f1c374f74ffa8eb7245d3ec03c4253c0dc3a78ce4,42,v0.5
wave,11,5,0.079,-0.0948,3.902,True,True,True,True,True,timeout,12.0001,5.488,6.0,0.9147,0.3423,0.3423,0.0729,0.0789,0.041703,True,0.4699,-0.0903,0,0.0,,3.999,6.735,9.322,0.071,0.0681,4.615,0.21125,7.4896,328.215,832.2816,11.94,2,0.0,0.0,0.0,0,0.0,0.0,0.0,0,0.0,0.0,0.0,0,0.1322,0.0762,0.5764,wave_s2_d0.50_v0.5_e005,2,20969d4257e2c6cafb45167f1c374f74ffa8eb7245d3ec03c4253c0dc3a78ce4,42,v0.5
wave,12,5,0.0848,0.0964,2.632,True,True,True,True,True,timeout,12.0001,5.5372,6.0,0.9229,0.3031,0.3041,0.0995,0.0768,0.041758,True,0.5042,0.0,0,0.0,,3.915,6.155,8.75,0.0685,0.0675,4.613,0.2144,7.5685,302.029,832.2465,11.94,2,0.0,0.0,0.0,0,0.0,0.0,0.0,0,0.0,0.0,0.0,0,0.14,0.0869,0.6206,wave_s2_d0.50_v0.5_e005,2,20969d4257e2c6cafb45167f1c374f74ffa8eb7245d3ec03c4253c0dc3a78ce4,42,v0.5
wave,13,5,-0.0091,0.0115,4.007,True,True,True,True,True,timeout,12.0001,5.5187,6.0,0.9198,0.3977,0.4007,0.1085,0.0778,0.041823,True,0.4956,-0.0873,0,0.0,,3.815,6.524,9.263,0.07,0.0681,4.563,0.21117,6.848,351.795,834.333,11.92,2,0.0,0.0,0.0,0,0.0,0.0,0.0,0,0.0,0.0,0.0,0,0.14,0.0901,0.6435,wave_s2_d0.50_v0.5_e005,2,20969d4257e2c6cafb45167f1c374f74ffa8eb7245d3ec03c4253c0dc3a78ce4,42,v0.5
wave,14,5,0.0819,0.0324,-4.511,True,True,True,True,True,timeout,12.0001,5.4613,6.0,0.9102,0.3682,0.3688,0.1016,0.0778,0.041849,True,0.4704,-0.0708,0,0.0,,3.685,6.74,9.323,0.0705,0.0656,4.57,0.20688,7.3942,290.253,835.7142,11.94,2,0.0,0.0,0.0,0,0.0,0.0,0.0,0,0.0,0.0,0.0,0,0.1319,0.0751,0.5696,wave_s2_d0.50_v0.5_e005,2,20969d4257e2c6cafb45167f1c374f74ffa8eb7245d3ec03c4253c0dc3a78ce4,42,v0.5
wave,15,5,-0.0073,0.0206,2.465,True,True,True,True,True,timeout,12.0001,5.5081,6.0,0.918,0.304,0.3091,0.0855,0.0774,0.041827,True,0.4755,-0.0639,0,0.0,,3.908,6.476,9.051,0.0706,0.067,4.585,0.21063,7.1165,315.533,832.5715,11.92,2,0.0,0.0,0.0,0,0.0,0.0,0.0,0,0.0,0.0,0.0,0,0.1376,0.0797,0.5795,wave_s2_d0.50_v0.5_e005,2,20969d4257e2c6cafb45167f1c374f74ffa8eb7245d3ec03c4253c0dc3a78ce4,42,v0.5
wave,16,5,-0.0148,0.073,-2.082,True,True,True,True,True,timeout,12.0001,5.4915,6.0,0.9153,0.3909,0.3915,0.112,0.0775,0.041793,True,0.5062,-0.0707,0,0.0,,3.612,6.734,9.272,0.0709,0.0661,4.596,0.20961,7.3597,341.025,834.4777,11.92,2,0.0,0.0,0.0,0,0.0,0.0,0.0,0,0.0,0.0,0.0,0,0.1197,0.0701,0.5858,wave_s2_d0.50_v0.5_e005,2,20969d4257e2c6cafb45167f1c374f74ffa8eb7245d3ec03c4253c0dc3a78ce4,42,v0.5
wave,17,5,-0.0872,-0.0701,0.633,True,True,True,True,True,timeout,12.0001,5.4757,6.0,0.9126,0.478,0.478,0.1687,0.0788,0.041788,True,0.481,-0.0829,0,0.0,,3.836,6.735,9.304,0.0721,0.0674,4.613,0.20983,6.9122,368.126,837.8731,11.92,2,0.0,0.0,0.0,0,0.0,0.0,0.0,0,0.0,0.0,0.0,0,0.1272,0.074,0.5821,wave_s2_d0.50_v0.5_e005,2,20969d4257e2c6cafb45167f1c374f74ffa8eb7245d3ec03c4253c0dc3a78ce4,42,v0.5
wave,18,5,0.0429,-0.0447,1.378,True,True,True,True,True,timeout,12.0001,5.4997,6.0,0.9166,0.2715,0.273,0.0673,0.0771,0.041858,True,0.4838,-0.0835,0,0.0,,3.887,6.494,8.952,0.0702,0.066,4.612,0.21236,8.032,252.306,830.3921,11.94,2,0.0,0.0,0.0,0,0.0,0.0,0.0,0,0.0,0.0,0.0,0,0.123,0.0714,0.58,wave_s2_d0.50_v0.5_e005,2,20969d4257e2c6cafb45167f1c374f74ffa8eb7245d3ec03c4253c0dc3a78ce4,42,v0.5
wave,19,5,0.0015,-0.0652,2.432,True,True,True,True,True,timeout,12.0001,5.4972,6.0,0.9162,0.3316,0.3365,0.0961,0.0775,0.041785,True,0.4724,-0.0714,0,0.0,,3.928,6.584,9.122,0.0715,0.0662,4.604,0.21049,7.6332,315.101,832.5203,11.92,2,0.0,0.0,0.0,0,0.0,0.0,0.0,0,0.0,0.0,0.0,0,0.1305,0.0761,0.5829,wave_s2_d0.50_v0.5_e005,2,20969d4257e2c6cafb45167f1c374f74ffa8eb7245d3ec03c4253c0dc3a78ce4,42,v0.5
stepping_stones,22,5,-0.0892,-0.0618,-0.193,False,True,False,False,False,timeout,12.0001,1.3681,6.0,0.228,0.2329,0.2616,,0.3982,0.026279,False,,-0.0164,420,1560.068,3.6,6.853,17.619,30.938,0.4312,0.0461,7.001,0.17051,2.1251,312.365,701.5155,11.86,2,53.006,4.5009,0.14,3,354.441,298.0671,9.1,10,1560.068,834.1547,8.4,1,1.11,0.8075,0.7274,stepping_stones_s2_d0.50_v0.5_e005,2,20969d4257e2c6cafb45167f1c374f74ffa8eb7245d3ec03c4253c0dc3a78ce4,42,v0.5
stepping_stones,27,5,0.0534,0.0799,0.494,False,True,False,False,False,timeout,12.0001,1.1518,6.0,0.192,0.2647,0.2647,,0.4182,0.025978,False,,-0.4303,449,236.746,3.0,21.924,22.561,35.398,0.4434,0.0597,4.794,0.19504,1.8171,310.395,260.6156,11.8,4,1203.703,570.3673,9.06,4,532.54,38.1621,0.34,3,236.746,911.9457,8.98,2,1.11,0.6711,0.6046,stepping_stones_s2_d0.50_v0.5_e005,2,20969d4257e2c6cafb45167f1c374f74ffa8eb7245d3ec03c4253c0dc3a78ce4,42,v0.5
gap,30,5,-0.0202,0.0834,-3.451,True,True,True,True,True,timeout,12.0001,5.7978,6.0,0.9663,0.2123,0.2123,0.0002,0.0937,0.040394,True,0.4262,1.3451,0,0.0,,6.313,6.508,6.508,0.0953,0.0688,4.903,0.25794,7.294,185.769,849.2867,11.96,2,0.0,0.0,0.0,0,587.26,42.1511,0.6,2,0.0,0.0,0.0,0,0.0,0.0,,gap_s2_d0.50_v0.5_e005,2,20969d4257e2c6cafb45167f1c374f74ffa8eb7245d3ec03c4253c0dc3a78ce4,42,v0.5
gap,32,5,-0.0354,0.0509,-1.118,True,True,True,True,True,timeout,12.0001,5.7989,6.0,0.9665,0.1596,0.2226,0.2023,0.0905,0.040574,True,0.4549,1.3867,0,0.0,,6.647,6.444,6.444,0.0907,0.0673,4.914,0.27126,6.7287,229.688,857.8446,11.96,2,0.0,0.0,0.0,0,623.967,36.531,0.54,2,0.0,0.0,0.0,0,0.0,0.0,,gap_s2_d0.50_v0.5_e005,2,20969d4257e2c6cafb45167f1c374f74ffa8eb7245d3ec03c4253c0dc3a78ce4,42,v0.5
gap,36,5,0.0594,-0.0913,4.288,False,True,True,True,False,timeout,12.0001,5.2491,6.0,0.8749,2.3363,2.3363,1.3462,0.0991,0.039245,False,0.4272,0.96,0,0.0,,6.86,12.377,12.377,0.0787,0.0936,5.173,0.29244,8.0129,215.615,851.3878,11.96,2,0.0,0.0,0.0,0,22.37,0.6745,0.06,1,0.0,0.0,0.0,0,0.0,0.0,,gap_s2_d0.50_v0.5_e005,2,20969d4257e2c6cafb45167f1c374f74ffa8eb7245d3ec03c4253c0dc3a78ce4,42,v0.5
gap,37,5,-0.0954,-0.0687,1.746,True,True,True,True,True,timeout,12.0001,5.8137,6.0,0.969,0.5223,0.524,0.3703,0.0913,0.04074,True,0.4691,1.4679,0,0.0,,6.204,5.481,5.481,0.0978,0.0644,4.873,0.24723,7.533,129.641,844.8,11.96,2,0.0,0.0,0.0,0,211.304,32.9811,0.52,2,0.0,0.0,0.0,0,0.0,0.0,,gap_s2_d0.50_v0.5_e005,2,20969d4257e2c6cafb45167f1c374f74ffa8eb7245d3ec03c4253c0dc3a78ce4,42,v0.5
gap,39,5,0.0423,-0.0491,0.471,True,True,True,True,True,timeout,12.0001,5.774,6.0,0.9623,0.1388,0.2687,0.2415,0.0949,0.040398,True,0.4645,1.4458,0,0.0,,6.872,8.574,8.574,0.0962,0.072,4.95,0.27938,7.5031,219.621,860.6713,11.96,2,0.0,0.0,0.0,0,531.355,40.5103,0.58,2,0.0,0.0,0.0,0,0.0,0.0,,gap_s2_d0.50_v0.5_e005,2,20969d4257e2c6cafb45167f1c374f74ffa8eb7245d3ec03c4253c0dc3a78ce4,42,v0.5
pit,40,5,0.0735,-0.0989,4.047,True,True,True,True,True,timeout,12.0001,5.6461,6.0,0.941,0.1715,0.1853,0.1421,0.0784,0.041795,True,0.466,0.8373,0,0.0,,6.941,14.929,24.672,0.0698,0.062,4.701,0.24381,6.876,110.313,834.3901,11.98,2,0.0,0.0,0.0,0,24.387,0.4877,0.02,1,0.0,0.0,0.0,0,0.2,0.2,1.0,pit_s2_d0.50_v0.5_e005,2,20969d4257e2c6cafb45167f1c374f74ffa8eb7245d3ec03c4253c0dc3a78ce4,42,v0.5
pit,41,5,-0.0236,-0.0495,-2.575,True,True,True,True,True,timeout,12.0001,5.6276,6.0,0.9379,0.2689,0.2776,0.1684,0.0787,0.041641,True,0.4769,0.8475,0,0.0,,7.042,14.965,24.911,0.0682,0.0634,4.687,0.23342,6.9017,112.659,828.8961,11.98,2,0.0,0.0,0.0,0,0.0,0.0,0.0,0,0.0,0.0,0.0,0,0.2,0.2,1.0,pit_s2_d0.50_v0.5_e005,2,20969d4257e2c6cafb45167f1c374f74ffa8eb7245d3ec03c4253c0dc3a78ce4,42,v0.5
pit,42,5,0.005,-0.0808,2.57,True,True,True,True,True,timeout,12.0001,5.6386,6.0,0.9398,0.252,0.2579,0.1601,0.0783,0.041814,True,0.4721,0.846,0,0.0,,6.813,14.962,24.803,0.0693,0.062,4.685,0.23729,7.0823,154.402,833.1619,11.98,2,0.0,0.0,0.0,0,0.0,0.0,0.0,0,0.0,0.0,0.0,0,0.2,0.2,1.0,pit_s2_d0.50_v0.5_e005,2,20969d4257e2c6cafb45167f1c374f74ffa8eb7245d3ec03c4253c0dc3a78ce4,42,v0.5
pit,43,5,-0.0498,-0.0504,-1.076,True,True,True,True,True,timeout,12.0001,5.6258,6.0,0.9376,0.1975,0.2069,0.1274,0.0796,0.041724,True,0.4653,0.842,0,0.0,,6.877,14.969,24.958,0.0683,0.0647,4.693,0.23184,7.0593,106.794,828.1397,11.98,2,0.0,0.0,0.0,0,0.0,0.0,0.0,0,0.0,0.0,0.0,0,0.2,0.2,1.0,pit_s2_d0.50_v0.5_e005,2,20969d4257e2c6cafb45167f1c374f74ffa8eb7245d3ec03c4253c0dc3a78ce4,42,v0.5
pit,44,5,-0.0945,0.0464,-0.441,True,True,True,True,True,timeout,12.0001,5.6197,6.0,0.9366,0.2073,0.2164,0.1202,0.0789,0.041841,True,0.4684,0.8451,0,0.0,,6.781,15.023,24.842,0.0676,0.0649,4.699,0.22978,6.9997,145.969,825.3198,11.96,2,0.0,0.0,0.0,0,0.0,0.0,0.0,0,0.0,0.0,0.0,0,0.2,0.2,1.0,pit_s2_d0.50_v0.5_e005,2,20969d4257e2c6cafb45167f1c374f74ffa8eb7245d3ec03c4253c0dc3a78ce4,42,v0.5
pit,45,5,0.0092,0.0442,-2.241,True,True,True,True,True,timeout,12.0001,5.631,6.0,0.9385,0.2284,0.2347,0.1607,0.0783,0.041751,True,0.4772,0.8427,0,0.0,,7.235,15.066,24.982,0.0689,0.0624,4.691,0.23663,7.1067,141.659,830.3267,11.96,2,0.0,0.0,0.0,0,0.0,0.0,0.0,0,0.0,0.0,0.0,0,0.2,0.2,1.0,pit_s2_d0.50_v0.5_e005,2,20969d4257e2c6cafb45167f1c374f74ffa8eb7245d3ec03c4253c0dc3a78ce4,42,v0.5
pit,46,5,-0.0863,0.0202,-1.108,True,True,True,True,True,timeout,12.0001,5.6185,6.0,0.9364,0.2064,0.2175,0.1177,0.0784,0.041786,True,0.4738,0.8449,0,0.0,,6.852,15.055,25.001,0.0676,0.0641,4.694,0.22964,7.3896,178.354,824.6939,11.96,2,0.0,0.0,0.0,0,0.0,0.0,0.0,0,0.0,0.0,0.0,0,0.2,0.2,1.0,pit_s2_d0.50_v0.5_e005,2,20969d4257e2c6cafb45167f1c374f74ffa8eb7245d3ec03c4253c0dc3a78ce4,42,v0.5
pit,47,5,0.0988,0.0198,-0.047,True,True,True,True,True,timeout,12.0001,5.6393,6.0,0.9399,0.1265,0.1406,0.1311,0.0788,0.041795,True,0.4745,0.8359,0,0.0,,6.59,15.529,25.161,0.0704,0.0626,4.716,0.24668,6.85,130.424,832.8747,11.98,2,0.0,0.0,0.0,0,98.359,1.9672,0.02,1,0.0,0.0,0.0,0,0.2,0.2,1.0,pit_s2_d0.50_v0.5_e005,2,20969d4257e2c6cafb45167f1c374f74ffa8eb7245d3ec03c4253c0dc3a78ce4,42,v0.5
pit,48,5,-0.0561,0.0231,4.182,True,True,True,True,True,timeout,12.0001,5.6191,6.0,0.9365,0.205,0.2161,0.121,0.0789,0.041776,True,0.4906,0.8466,0,0.0,,6.891,15.11,25.052,0.0685,0.0638,4.721,0.23595,7.0035,120.096,825.1705,11.96,2,0.0,0.0,0.0,0,0.0,0.0,0.0,0,0.0,0.0,0.0,0,0.2,0.2,1.0,pit_s2_d0.50_v0.5_e005,2,20969d4257e2c6cafb45167f1c374f74ffa8eb7245d3ec03c4253c0dc3a78ce4,42,v0.5
pit,49,5,-0.0271,0.0608,-1.517,True,True,True,True,True,timeout,12.0001,5.6331,6.0,0.9388,0.2182,0.2293,0.15,0.0785,0.0418,True,0.4736,0.8463,0,0.0,,6.892,15.033,24.974,0.0695,0.0625,4.694,0.23565,7.0697,125.697,828.8091,11.96,2,0.0,0.0,0.0,0,0.0,0.0,0.0,0,0.0,0.0,0.0,0,0.2,0.2,1.0,pit_s2_d0.50_v0.5_e005,2,20969d4257e2c6cafb45167f1c374f74ffa8eb7245d3ec03c4253c0dc3a78ce4,42,v0.5
rails,50,5,0.0534,-0.0337,-2.078,True,True,True,True,True,timeout,12.0001,5.4109,6.0,0.9018,0.4284,0.4331,0.2067,0.089,0.040998,True,0.5111,-0.0521,0,0.0,,6.125,4.716,5.227,0.089,0.0715,4.757,0.26245,5.47,118.9,847.2447,11.96,2,210.512,6.0437,0.04,1,110.192,33.4399,0.74,5,0.0,0.0,0.0,0,0.115,0.115,1.0,rails_s2_d0.50_v0.5_e005,2,20969d4257e2c6cafb45167f1c374f74ffa8eb7245d3ec03c4253c0dc3a78ce4,42,v0.5
rails,51,5,-0.0462,-0.0014,-3.863,True,True,True,True,True,timeout,12.0001,5.4694,6.0,0.9116,0.0352,0.0874,0.0641,0.0822,0.04109,True,0.4465,0.4601,0,0.0,,4.045,5.324,5.703,0.0694,0.0733,4.865,0.26248,6.0841,183.502,832.2133,11.96,2,0.0,0.0,0.0,0,167.853,85.0132,1.58,5,0.0,0.0,0.0,0,0.115,0.115,1.0,rails_s2_d0.50_v0.5_e005,2,20969d4257e2c6cafb45167f1c374f74ffa8eb7245d3ec03c4253c0dc3a78ce4,42,v0.5
rails,52,5,0.0942,0.0221,4.75,True,True,True,True,True,timeout,12.0001,5.572,6.0,0.9287,0.3311,0.3311,0.095,0.0812,0.041281,True,0.5312,0.607,0,0.0,,2.999,6.888,7.512,0.0677,0.07,4.734,0.24791,6.3691,141.269,835.3763,11.98,2,0.0,0.0,0.0,0,102.918,81.1133,1.32,4,0.0,0.0,0.0,0,0.115,0.115,1.0,rails_s2_d0.50_v0.5_e005,2,20969d4257e2c6cafb45167f1c374f74ffa8eb7245d3ec03c4253c0dc3a78ce4,42,v0.5
rails,53,5,-0.0932,0.0045,-4.557,True,True,True,True,True,timeout,12.0001,5.4877,6.0,0.9146,0.1396,0.1403,0.0922,0.0822,0.041117,True,0.4462,0.4613,0,0.0,,4.529,4.984,5.41,0.0696,0.074,4.877,0.26275,5.9984,144.883,837.6324,11.98,2,0.0,0.0,0.0,0,210.394,80.2661,1.52,6,0.0,0.0,0.0,0,0.115,0.115,1.0,rails_s2_d0.50_v0.5_e005,2,20969d4257e2c6cafb45167f1c374f74ffa8eb7245d3ec03c4253c0dc3a78ce4,42,v0.5
rails,54,5,-0.0816,0.0067,1.147,True,True,True,True,True,timeout,12.0001,5.5073,6.0,0.9179,0.1615,0.1676,0.0531,0.0824,0.041446,True,0.4158,0.6175,0,0.0,,3.123,4.577,5.13,0.0696,0.0708,4.715,0.2552,5.6679,152.614,843.5889,11.96,2,0.0,0.0,0.0,0,122.341,64.9289,1.34,6,0.0,0.0,0.0,0,0.115,0.115,1.0,rails_s2_d0.50_v0.5_e005,2,20969d4257e2c6cafb45167f1c374f74ffa8eb7245d3ec03c4253c0dc3a78ce4,42,v0.5
rails,55,5,0.0996,-0.0894,3.405,True,True,True,True,True,timeout,12.0001,5.6132,6.0,0.9355,0.0279,0.069,0.0146,0.0814,0.041455,True,0.5569,0.8249,0,0.0,,3.131,5.248,5.855,0.0664,0.0709,4.693,0.2524,5.9103,122.442,841.8925,11.96,2,0.0,0.0,0.0,0,103.325,67.1133,1.28,5,0.0,0.0,0.0,0,0.115,0.115,1.0,rails_s2_d0.50_v0.5_e005,2,20969d4257e2c6cafb45167f1c374f74ffa8eb7245d3ec03c4253c0dc3a78ce4,42,v0.5
rails,56,5,0.0983,-0.0018,-2.822,True,True,True,True,True,timeout,12.0001,5.5917,6.0,0.932,0.0668,0.0668,0.0257,0.0809,0.041684,True,0.571,0.8155,0,0.0,,3.067,4.58,5.371,0.067,0.0696,4.672,0.2555,5.6402,132.246,846.2169,11.98,2,0.0,0.0,0.0,0,113.18,60.4368,1.16,4,0.0,0.0,0.0,0,0.115,0.115,1.0,rails_s2_d0.50_v0.5_e005,2,20969d4257e2c6cafb45167f1c374f74ffa8eb7245d3ec03c4253c0dc3a78ce4,42,v0.5
rails,57,5,-0.0574,-0.078,3.385,True,True,True,True,True,timeout,12.0001,5.4908,6.0,0.9151,0.3432,0.3432,0.1158,0.0801,0.041239,True,0.3689,0.7796,0,0.0,,3.012,6.826,7.697,0.0665,0.07,4.774,0.26514,5.7593,168.461,837.6051,11.96,2,0.0,0.0,0.0,0,257.033,66.8991,1.04,3,0.0,0.0,0.0,0,0.115,0.115,1.0,rails_s2_d0.50_v0.5_e005,2,20969d4257e2c6cafb45167f1c374f74ffa8eb7245d3ec03c4253c0dc3a78ce4,42,v0.5
rails,58,5,0.0636,-0.0789,1.021,True,True,True,True,True,timeout,12.0001,5.567,6.0,0.9278,0.3775,0.3783,0.1383,0.0792,0.041585,True,0.5005,0.8084,0,0.0,,3.176,5.404,6.039,0.066,0.0683,4.711,0.25368,6.2914,158.442,843.4509,11.96,2,0.0,0.0,0.0,0,98.367,60.0361,1.06,4,0.0,0.0,0.0,0,0.115,0.115,1.0,rails_s2_d0.50_v0.5_e005,2,20969d4257e2c6cafb45167f1c374f74ffa8eb7245d3ec03c4253c0dc3a78ce4,42,v0.5
rails,59,5,-0.0826,-0.0087,4.13,True,True,True,True,True,timeout,12.0001,5.5291,6.0,0.9215,0.2332,0.2408,0.0686,0.0803,0.041475,True,0.4503,0.7934,0,0.0,,3.233,5.384,5.897,0.0645,0.074,4.739,0.25954,6.0112,141.347,837.9479,11.98,2,0.0,0.0,0.0,0,217.477,94.9079,1.6,4,0.0,0.0,0.0,0,0.115,0.115,1.0,rails_s2_d0.50_v0.5_e005,2,20969d4257e2c6cafb45167f1c374f74ffa8eb7245d3ec03c4253c0dc3a78ce4,42,v0.5
star,60,5,0.087,0.0594,-4.367,True,True,True,True,True,timeout,12.0001,5.5157,6.0,0.9193,0.5221,0.5221,0.1935,0.077,0.041958,True,0.4954,0.8271,0,0.0,,3.371,3.725,6.115,0.0612,0.0696,4.609,0.20554,9.1404,121.756,831.9087,11.96,2,0.0,0.0,0.0,0,0.0,0.0,0.0,0,0.0,0.0,0.0,0,0.105,0.0,0.0001,star_s2_d0.50_v0.5_e005,2,20969d4257e2c6cafb45167f1c374f74ffa8eb7245d3ec03c4253c0dc3a78ce4,42,v0.5
star,61,5,0.0236,0.0333,2.133,True,True,True,True,True,timeout,12.0001,5.6699,6.0,0.945,0.5963,0.5963,0.2681,0.075,0.041984,True,0.4623,0.738,0,0.0,,6.757,7.525,10.944,0.0656,0.0659,4.546,0.22524,6.5239,136.65,847.7564,11.96,2,0.0,0.0,0.0,0,98.271,14.8215,0.28,7,0.0,0.0,0.0,0,0.105,0.105,1.0,star_s2_d0.50_v0.5_e005,2,20969d4257e2c6cafb45167f1c374f74ffa8eb7245d3ec03c4253c0dc3a78ce4,42,v0.5
star,62,5,-0.0337,-0.0395,3.008,True,True,True,True,True,timeout,12.0001,5.6286,6.0,0.9381,0.521,0.5249,0.2626,0.0762,0.041885,True,0.4754,0.7852,0,0.0,,6.943,7.675,11.319,0.0635,0.0685,4.608,0.22037,6.8047,125.374,845.1507,11.96,2,0.0,0.0,0.0,0,104.944,8.4509,0.14,3,0.0,0.0,0.0,0,0.105,0.105,1.0,star_s2_d0.50_v0.5_e005,2,20969d4257e2c6cafb45167f1c374f74ffa8eb7245d3ec03c4253c0dc3a78ce4,42,v0.5
star,63,5,0.0878,-0.0046,-4.562,True,True,True,True,True,timeout,12.0001,5.4452,6.0,0.9075,0.6566,0.6566,0.2081,0.08,0.041943,True,0.4479,0.8335,0,0.0,,3.675,4.214,6.452,0.0636,0.0697,4.621,0.20358,8.9186,175.55,832.596,11.96,2,0.0,0.0,0.0,0,0.0,0.0,0.0,0,0.0,0.0,0.0,0,0.105,0.0,0.0001,star_s2_d0.50_v0.5_e005,2,20969d4257e2c6cafb45167f1c374f74ffa8eb7245d3ec03c4253c0dc3a78ce4,42,v0.5
star,64,5,0.0286,-0.0747,0.006,True,True,True,True,True,timeout,12.0001,5.5431,6.0,0.9238,0.6844,0.6844,0.218,0.0799,0.041772,True,0.4755,0.842,0,0.0,,6.337,4.518,6.639,0.0642,0.0724,4.667,0.22094,8.2896,136.178,846.1597,11.96,2,0.0,0.0,0.0,0,74.657,8.3579,0.18,1,0.0,0.0,0.0,0,0.105,0.105,1.0,star_s2_d0.50_v0.5_e005,2,20969d4257e2c6cafb45167f1c374f74ffa8eb7245d3ec03c4253c0dc3a78ce4,42,v0.5
star,65,5,-0.0167,-0.0152,2.787,True,True,True,True,True,timeout,12.0001,5.6777,6.0,0.9463,0.5139,0.5139,0.2641,0.0745,0.041839,True,0.499,0.748,0,0.0,,6.85,7.484,10.88,0.0642,0.066,4.562,0.22272,6.7255,122.286,844.0326,11.96,2,0.0,0.0,0.0,0,93.041,14.7361,0.3,3,0.0,0.0,0.0,0,0.105,0.105,1.0,star_s2_d0.50_v0.5_e005,2,20969d4257e2c6cafb45167f1c374f74ffa8eb7245d3ec03c4253c0dc3a78ce4,42,v0.5
star,66,5,0.0912,-0.0118,1.158,True,True,True,True,True,timeout,12.0001,5.706,6.0,0.951,0.4514,0.4582,0.2834,0.0756,0.041719,True,0.6104,0.8374,0,0.0,,7.189,7.535,10.809,0.0653,0.0677,4.615,0.22781,7.1009,110.018,852.8491,11.96,2,0.0,0.0,0.0,0,100.077,13.3683,0.26,1,0.0,0.0,0.0,0,0.105,0.105,1.0,star_s2_d0.50_v0.5_e005,2,20969d4257e2c6cafb45167f1c374f74ffa8eb7245d3ec03c4253c0dc3a78ce4,42,v0.5
star,67,5,-0.0491,0.0245,4.225,True,True,True,True,True,timeout,12.0001,5.6639,6.0,0.944,0.3147,0.3147,0.2076,0.0755,0.04173,True,0.438,0.795,0,0.0,,6.681,7.669,11.283,0.0663,0.0652,4.572,0.23067,6.539,113.686,845.5444,11.96,2,0.0,0.0,0.0,0,96.223,11.8353,0.24,1,0.0,0.0,0.0,0,0.105,0.105,1.0,star_s2_d0.50_v0.5_e005,2,20969d4257e2c6cafb45167f1c374f74ffa8eb7245d3ec03c4253c0dc3a78ce4,42,v0.5
star,68,5,-0.0429,-0.0962,-3.499,True,True,True,True,True,timeout,12.0001,5.5396,6.0,0.9233,0.4059,0.4076,0.116,0.0775,0.04179,True,0.5784,0.6926,0,0.0,,4.643,8.536,9.317,0.0705,0.0661,4.832,0.22066,7.6619,127.979,856.5358,11.96,2,0.0,0.0,0.0,0,0.0,0.0,0.0,0,0.0,0.0,0.0,0,0.105,0.0,0.0001,star_s2_d0.50_v0.5_e005,2,20969d4257e2c6cafb45167f1c374f74ffa8eb7245d3ec03c4253c0dc3a78ce4,42,v0.5
star,69,5,0.0366,-0.0102,-0.718,True,True,True,True,True,timeout,12.0001,5.5608,6.0,0.9268,0.6168,0.6176,0.2024,0.0778,0.041871,True,0.4919,0.8415,0,0.0,,5.933,4.796,6.271,0.062,0.071,4.629,0.21037,8.2081,149.615,845.4905,11.98,2,0.0,0.0,0.0,0,0.0,0.0,0.0,0,0.0,0.0,0.0,0,0.105,0.105,1.0,star_s2_d0.50_v0.5_e005,2,20969d4257e2c6cafb45167f1c374f74ffa8eb7245d3ec03c4253c0dc3a78ce4,42,v0.5
floating_ring,70,5,0.0703,0.0195,0.025,True,True,True,True,True,timeout,12.0001,5.3496,6.0,0.8916,0.1387,0.2155,0.1848,0.0959,0.040781,True,0.4698,0.4499,0,0.0,,7.214,15.968,21.407,0.0937,0.069,4.71,0.26377,6.5856,144.115,844.4559,11.98,2,0.0,0.0,0.0,0,118.199,47.9782,0.98,11,0.0,0.0,0.0,0,0.225,0.225,1.0,floating_ring_s2_d0.50_v0.5_e005,2,20969d4257e2c6cafb45167f1c374f74ffa8eb7245d3ec03c4253c0dc3a78ce4,42,v0.5
floating_ring,71,5,0.0932,-0.0435,-0.926,True,True,True,True,True,timeout,12.0001,5.455,6.0,0.9092,0.053,0.1852,0.1105,0.0892,0.04064,True,0.4716,0.4443,0,0.0,,7.089,14.459,20.422,0.0847,0.067,4.7,0.25985,6.3606,147.056,850.4172,11.98,2,0.0,0.0,0.0,0,122.404,33.9166,0.66,9,0.0,0.0,0.0,0,0.225,0.225,1.0,floating_ring_s2_d0.50_v0.5_e005,2,20969d4257e2c6cafb45167f1c374f74ffa8eb7245d3ec03c4253c0dc3a78ce4,42,v0.5
floating_ring,72,5,0.0271,0.0576,2.479,True,True,True,True,True,timeout,12.0001,5.505,6.0,0.9175,0.0952,0.1462,0.122,0.0879,0.041235,True,0.4489,0.5819,0,0.0,,7.093,15.46,20.17,0.079,0.0694,4.699,0.25165,6.4359,145.651,849.5045,11.96,2,0.0,0.0,0.0,0,102.469,41.6148,0.92,3,0.0,0.0,0.0,0,0.225,0.225,1.0,floating_ring_s2_d0.50_v0.5_e005,2,20969d4257e2c6cafb45167f1c374f74ffa8eb7245d3ec03c4253c0dc3a78ce4,42,v0.5
floating_ring,73,5,0.056,0.0755,-1.226,True,True,True,True,True,timeout,12.0001,5.4136,6.0,0.9023,0.1189,0.1737,0.053,0.0912,0.04118,True,0.4259,0.6015,0,0.0,,7.143,15.481,20.898,0.0854,0.0671,4.707,0.25731,6.4047,180.13,842.744,11.96,2,0.0,0.0,0.0,0,107.777,36.3748,0.74,7,0.0,0.0,0.0,0,0.225,0.225,1.0,floating_ring_s2_d0.50_v0.5_e005,2,20969d4257e2c6cafb45167f1c374f74ffa8eb7245d3ec03c4253c0dc3a78ce4,42,v0.5
floating_ring,74,5,0.0724,-0.0197,-0.09,True,True,True,True,True,timeout,12.0001,5.3456,6.0,0.8909,0.2043,0.2264,0.2047,0.096,0.040823,True,0.4303,0.3985,0,0.0,,7.26,15.684,21.176,0.0941,0.0692,4.69,0.26213,6.5052,155.632,844.0338,11.98,2,0.0,0.0,0.0,0,122.615,46.3674,1.14,9,0.0,0.0,0.0,0,0.225,0.225,1.0,floating_ring_s2_d0.50_v0.5_e005,2,20969d4257e2c6cafb45167f1c374f74ffa8eb7245d3ec03c4253c0dc3a78ce4,42,v0.5
floating_ring,75,5,-0.0957,-0.0455,-0.537,True,True,True,True,True,timeout,12.0001,5.4058,6.0,0.901,0.6665,0.6665,0.2555,0.092,0.040825,True,0.4635,0.7774,0,0.0,,3.508,13.928,19.242,0.087,0.0655,4.756,0.28031,6.1551,247.66,847.5775,11.96,2,0.0,0.0,0.0,0,117.983,13.158,0.4,6,0.0,0.0,0.0,0,0.225,0.225,1.0,floating_ring_s2_d0.50_v0.5_e005,2,20969d4257e2c6cafb45167f1c374f74ffa8eb7245d3ec03c4253c0dc3a78ce4,42,v0.5
floating_ring,76,5,0.0963,0.0038,2.54,True,True,True,True,True,timeout,12.0001,5.3217,6.0,0.8869,0.0263,0.2448,0.1655,0.0974,0.040767,True,0.4417,0.3934,0,0.0,,7.678,16.064,21.604,0.095,0.0703,4.735,0.26554,6.4875,151.752,841.2255,11.98,2,0.0,0.0,0.0,0,142.171,32.3265,0.56,8,0.0,0.0,0.0,0,0.225,0.225,1.0,floating_ring_s2_d0.50_v0.5_e005,2,20969d4257e2c6cafb45167f1c374f74ffa8eb7245d3ec03c4253c0dc3a78ce4,42,v0.5
floating_ring,77,5,0.0011,-0.0497,-3.994,True,True,True,True,True,timeout,12.0001,5.3798,6.0,0.8966,0.0426,0.1864,0.1153,0.093,0.04107,True,0.4731,0.6446,0,0.0,,7.315,15.786,20.959,0.0895,0.0648,4.681,0.24547,6.7635,143.574,844.245,11.98,2,0.0,0.0,0.0,0,113.341,39.6345,0.9,7,0.0,0.0,0.0,0,0.225,0.225,1.0,floating_ring_s2_d0.50_v0.5_e005,2,20969d4257e2c6cafb45167f1c374f74ffa8eb7245d3ec03c4253c0dc3a78ce4,42,v0.5
floating_ring,78,5,-0.0335,0.0872,0.084,True,True,True,True,True,timeout,12.0001,5.5095,6.0,0.9183,0.1102,0.1311,0.0702,0.0863,0.041196,True,0.4748,0.7306,0,0.0,,6.976,14.827,20.405,0.0802,0.063,4.671,0.24165,6.9766,132.081,848.7886,11.98,2,0.0,0.0,0.0,0,305.271,25.8691,0.4,4,0.0,0.0,0.0,0,0.225,0.225,1.0,floating_ring_s2_d0.50_v0.5_e005,2,20969d4257e2c6cafb45167f1c374f74ffa8eb7245d3ec03c4253c0dc3a78ce4,42,v0.5
floating_ring,79,5,0.0327,0.0135,-3.602,True,True,True,True,True,timeout,12.0001,5.4199,6.0,0.9033,0.0345,0.1918,0.1051,0.0916,0.041039,True,0.4729,0.5789,0,0.0,,7.059,15.393,20.525,0.0861,0.0674,4.718,0.2534,6.6839,204.273,845.524,11.96,2,0.0,0.0,0.0,0,130.598,41.7678,0.82,8,0.0,0.0,0.0,0,0.225,0.225,1.0,floating_ring_s2_d0.50_v0.5_e005,2,20969d4257e2c6cafb45167f1c374f74ffa8eb7245d3ec03c4253c0dc3a78ce4,42,v0.5
repeated_boxes,80,5,-0.0899,0.079,-0.301,True,True,True,True,True,timeout,12.0001,5.4831,6.0,0.9138,0.3228,0.3256,0.1001,0.0776,0.041917,True,0.4835,0.817,0,0.0,,3.323,5.317,8.19,0.0639,0.0674,4.572,0.21851,6.8848,130.744,825.689,11.96,2,0.0,0.0,0.0,0,83.672,25.8491,0.6,3,0.0,0.0,0.0,0,0.0837,0.0714,0.8538,repeated_boxes_s2_d0.50_v0.5_e005,2,20969d4257e2c6cafb45167f1c374f74ffa8eb7245d3ec03c4253c0dc3a78ce4,42,v0.5
repeated_boxes,81,5,0.0159,-0.0301,2.308,True,True,True,True,True,timeout,12.0001,5.3959,6.0,0.8993,0.3824,0.3824,0.1225,0.0829,0.04179,True,0.4477,0.6407,0,0.0,,3.107,6.973,9.553,0.0696,0.0692,4.686,0.21786,6.7069,135.8,830.7509,11.96,2,0.0,0.0,0.0,0,30.453,2.6038,0.12,2,0.0,0.0,0.0,0,0.0841,0.0691,0.8216,repeated_boxes_s2_d0.50_v0.5_e005,2,20969d4257e2c6cafb45167f1c374f74ffa8eb7245d3ec03c4253c0dc3a78ce4,42,v0.5
repeated_boxes,82,5,0.0599,-0.0572,-4.189,True,True,True,True,True,timeout,12.0001,5.473,6.0,0.9122,0.1305,0.1382,0.0286,0.0763,0.042132,True,0.489,0.8381,0,0.0,,2.77,4.664,7.196,0.0639,0.0646,4.548,0.21209,6.6361,118.861,818.9447,11.96,2,0.0,0.0,0.0,0,61.237,2.4126,0.04,2,0.0,0.0,0.0,0,0.0842,0.06,0.713,repeated_boxes_s2_d0.50_v0.5_e005,2,20969d4257e2c6cafb45167f1c374f74ffa8eb7245d3ec03c4253c0dc3a78ce4,42,v0.5
repeated_boxes,83,5,-0.0728,-0.0006,-4.878,True,True,True,True,True,timeout,12.0001,5.4856,6.0,0.9143,0.253,0.2555,0.0962,0.0761,0.042068,True,0.4774,0.8259,0,0.0,,3.092,5.375,7.919,0.0628,0.0651,4.618,0.21481,7.2943,140.908,820.4048,11.96,2,0.0,0.0,0.0,0,0.0,0.0,0.0,0,0.0,0.0,0.0,0,0.0839,0.06,0.7151,repeated_boxes_s2_d0.50_v0.5_e005,2,20969d4257e2c6cafb45167f1c374f74ffa8eb7245d3ec03c4253c0dc3a78ce4,42,v0.5
repeated_boxes,84,5,-0.0065,-0.0204,-0.037,True,True,True,True,True,timeout,12.0001,5.4414,6.0,0.9069,0.3858,0.3858,0.1046,0.0812,0.041624,True,0.4817,0.7851,0,0.0,,3.629,7.399,10.056,0.065,0.0715,4.594,0.22226,6.7877,161.849,827.7999,11.96,2,0.0,0.0,0.0,0,54.7,18.0998,0.58,2,0.0,0.0,0.0,0,0.083,0.06,0.7233,repeated_boxes_s2_d0.50_v0.5_e005,2,20969d4257e2c6cafb45167f1c374f74ffa8eb7245d3ec03c4253c0dc3a78ce4,42,v0.5
repeated_boxes,85,5,-0.0405,0.0258,-2.256,True,True,True,True,True,timeout,12.0001,5.457,6.0,0.9095,0.4258,0.4293,0.1538,0.0807,0.041767,True,0.4713,0.7803,0,0.0,,3.114,8.476,10.968,0.0641,0.0719,4.586,0.2152,7.0026,164.793,831.9446,11.98,2,0.0,0.0,0.0,0,37.337,2.1153,0.08,1,0.0,0.0,0.0,0,0.0837,0.06,0.7168,repeated_boxes_s2_d0.50_v0.5_e005,2,20969d4257e2c6cafb45167f1c374f74ffa8eb7245d3ec03c4253c0dc3a78ce4,42,v0.5
repeated_boxes,86,5,-0.0051,0.0148,4.454,True,True,True,True,True,timeout,12.0001,5.4633,6.0,0.9106,0.2706,0.2706,0.1631,0.0812,0.041915,True,0.4587,0.7058,0,0.0,,3.242,6.667,9.493,0.0663,0.0718,4.597,0.22355,5.7109,159.044,842.8193,11.96,2,0.0,0.0,0.0,0,80.74,10.6544,0.38,4,0.0,0.0,0.0,0,0.084,0.0656,0.7805,repeated_boxes_s2_d0.50_v0.5_e005,2,20969d4257e2c6cafb45167f1c374f74ffa8eb7245d3ec03c4253c0dc3a78ce4,42,v0.5
repeated_boxes,87,5,-0.0923,0.0904,3.2,True,True,True,True,True,timeout,12.0001,5.4636,6.0,0.9106,0.5569,0.5569,0.182,0.0795,0.041987,True,0.4744,0.7729,0,0.0,,3.416,6.851,8.908,0.0651,0.0697,4.534,0.2151,5.7414,120.902,843.1293,11.96,2,0.0,0.0,0.0,0,54.941,8.8977,0.3,5,0.0,0.0,0.0,0,0.0838,0.0632,0.754,repeated_boxes_s2_d0.50_v0.5_e005,2,20969d4257e2c6cafb45167f1c374f74ffa8eb7245d3ec03c4253c0dc3a78ce4,42,v0.5
repeated_boxes,88,5,-0.0982,-0.0958,1.41,True,True,True,True,True,timeout,12.0001,5.4435,6.0,0.9072,0.424,0.4259,0.1637,0.0793,0.042044,True,0.4453,0.8022,0,0.0,,3.105,5.642,8.209,0.0663,0.067,4.602,0.21875,6.9522,117.075,827.3364,11.96,2,0.0,0.0,0.0,0,77.39,17.1599,0.46,2,0.0,0.0,0.0,0,0.0841,0.0712,0.8466,repeated_boxes_s2_d0.50_v0.5_e005,2,20969d4257e2c6cafb45167f1c374f74ffa8eb7245d3ec03c4253c0dc3a78ce4,42,v0.5
repeated_boxes,89,5,-0.002,-0.0935,3.605,True,True,True,True,True,timeout,12.0001,5.4196,6.0,0.9033,0.4172,0.4172,0.1361,0.0812,0.041823,True,0.4843,0.731,0,0.0,,3.159,7.316,9.85,0.0674,0.0687,4.631,0.21899,6.2095,150.519,832.5401,11.98,2,0.0,0.0,0.0,0,50.785,14.2606,0.54,3,0.0,0.0,0.0,0,0.0838,0.068,0.8115,repeated_boxes_s2_d0.50_v0.5_e005,2,20969d4257e2c6cafb45167f1c374f74ffa8eb7245d3ec03c4253c0dc3a78ce4,42,v0.5
repeated_cylinders,90,5,0.0583,0.0738,4.695,True,True,True,True,True,timeout,12.0001,5.3907,6.0,0.8984,0.5112,0.5112,0.1518,0.0825,0.041775,True,0.4614,0.812,0,0.0,,3.571,4.757,7.575,0.0665,0.0708,4.625,0.21592,6.5199,194.08,827.1093,11.98,2,0.0,0.0,0.0,0,52.14,13.0494,0.42,2,0.0,0.0,0.0,0,0.0671,0.06,0.8942,repeated_cylinders_s2_d0.50_v0.5_e005,2,20969d4257e2c6cafb45167f1c374f74ffa8eb7245d3ec03c4253c0dc3a78ce4,42,v0.5
repeated_cylinders,91,5,0.0016,-0.0649,-2.549,True,True,True,True,True,timeout,12.0001,5.451,6.0,0.9085,0.2719,0.281,0.164,0.0804,0.041868,True,0.4345,0.7287,0,0.0,,3.189,7.889,10.693,0.0657,0.0682,4.62,0.21494,7.4279,149.865,834.2291,11.96,2,0.0,0.0,0.0,0,65.04,7.0987,0.2,1,0.0,0.0,0.0,0,0.067,0.06,0.8951,repeated_cylinders_s2_d0.50_v0.5_e005,2,20969d4257e2c6cafb45167f1c374f74ffa8eb7245d3ec03c4253c0dc3a78ce4,42,v0.5
repeated_cylinders,92,5,-0.0837,-0.0379,1.93,True,True,True,True,True,timeout,12.0001,5.506,6.0,0.9177,0.4538,0.4538,0.1573,0.0796,0.041766,True,0.474,0.8213,0,0.0,,3.374,6.193,9.171,0.0626,0.0711,4.599,0.21499,6.8256,126.089,841.8091,11.98,2,0.0,0.0,0.0,0,33.252,0.8114,0.04,2,0.0,0.0,0.0,0,0.0672,0.06,0.8934,repeated_cylinders_s2_d0.50_v0.5_e005,2,20969d4257e2c6cafb45167f1c374f74ffa8eb7245d3ec03c4253c0dc3a78ce4,42,v0.5
repeated_cylinders,93,5,0.0668,-0.0459,2.049,True,True,True,True,True,timeout,12.0001,5.433,6.0,0.9055,0.4045,0.4055,0.1136,0.0849,0.041525,True,0.4834,0.5886,0,0.0,,3.181,6.703,8.58,0.0681,0.0731,4.725,0.22724,6.9004,179.903,833.0023,11.96,2,0.0,0.0,0.0,0,61.303,9.944,0.26,2,0.0,0.0,0.0,0,0.0672,0.0618,0.9196,repeated_cylinders_s2_d0.50_v0.5_e005,2,20969d4257e2c6cafb45167f1c374f74ffa8eb7245d3ec03c4253c0dc3a78ce4,42,v0.5
repeated_cylinders,94,5,0.0574,-0.0557,4.82,True,True,True,True,True,timeout,12.0001,5.432,6.0,0.9053,0.2026,0.2122,0.1107,0.0797,0.042164,True,0.4685,0.7902,0,0.0,,3.117,4.752,7.521,0.0657,0.0666,4.528,0.21042,6.1056,183.041,826.0987,11.96,2,0.0,0.0,0.0,0,69.149,19.6264,0.42,3,0.0,0.0,0.0,0,0.0671,0.06,0.8943,repeated_cylinders_s2_d0.50_v0.5_e005,2,20969d4257e2c6cafb45167f1c374f74ffa8eb7245d3ec03c4253c0dc3a78ce4,42,v0.5
repeated_cylinders,95,5,-0.0401,-0.0478,-3.072,True,True,True,True,True,timeout,12.0001,5.4506,6.0,0.9084,0.2839,0.2896,0.1347,0.0805,0.04174,True,0.4487,0.7064,0,0.0,,3.092,8.363,11.246,0.0659,0.0684,4.641,0.21534,7.4607,146.631,831.1857,11.98,2,0.0,0.0,0.0,0,44.893,5.4367,0.2,2,0.0,0.0,0.0,0,0.0672,0.0612,0.9111,repeated_cylinders_s2_d0.50_v0.5_e005,2,20969d4257e2c6cafb45167f1c374f74ffa8eb7245d3ec03c4253c0dc3a78ce4,42,v0.5
repeated_cylinders,96,5,0.0038,0.081,4.475,True,True,True,True,True,timeout,12.0001,5.3942,6.0,0.899,0.496,0.4964,0.1649,0.0819,0.041869,True,0.4327,0.7877,0,0.0,,3.462,6.919,9.76,0.0668,0.0706,4.589,0.21603,6.6103,115.071,828.2208,11.96,2,0.0,0.0,0.0,0,47.067,9.344,0.36,2,0.0,0.0,0.0,0,0.0671,0.0613,0.9136,repeated_cylinders_s2_d0.50_v0.5_e005,2,20969d4257e2c6cafb45167f1c374f74ffa8eb7245d3ec03c4253c0dc3a78ce4,42,v0.5
repeated_cylinders,97,5,-0.0355,0.0054,4.976,True,True,True,True,True,timeout,12.0001,5.453,6.0,0.9088,0.4622,0.4653,0.1679,0.0802,0.041878,True,0.4598,0.8038,0,0.0,,3.085,7.566,10.594,0.0633,0.0714,4.618,0.21567,7.0129,121.088,825.4443,11.98,2,0.0,0.0,0.0,0,83.893,20.1167,0.46,4,0.0,0.0,0.0,0,0.0672,0.06,0.8923,repeated_cylinders_s2_d0.50_v0.5_e005,2,20969d4257e2c6cafb45167f1c374f74ffa8eb7245d3ec03c4253c0dc3a78ce4,42,v0.5
repeated_cylinders,98,5,0.0685,-0.0278,-2.114,True,True,True,True,True,timeout,12.0001,5.4694,6.0,0.9116,0.1872,0.1872,0.0518,0.0793,0.041936,True,0.4657,0.8305,0,0.0,,3.201,5.962,7.449,0.0642,0.0681,4.614,0.2141,7.4455,151.099,826.53,11.96,2,0.0,0.0,0.0,0,34.083,1.2628,0.04,1,0.0,0.0,0.0,0,0.0673,0.0614,0.9129,repeated_cylinders_s2_d0.50_v0.5_e005,2,20969d4257e2c6cafb45167f1c374f74ffa8eb7245d3ec03c4253c0dc3a78ce4,42,v0.5
repeated_cylinders,99,5,-0.0885,0.0344,-4.846,True,True,True,True,True,timeout,12.0001,5.4872,6.0,0.9145,0.3533,0.3533,0.1316,0.0793,0.042018,True,0.4376,0.8176,0,0.0,,3.355,6.374,8.681,0.0627,0.0694,4.609,0.21131,7.0336,181.193,828.5964,11.96,2,0.0,0.0,0.0,0,52.756,1.6569,0.04,1,0.0,0.0,0.0,0,0.0672,0.0618,0.9194,repeated_cylinders_s2_d0.50_v0.5_e005,2,20969d4257e2c6cafb45167f1c374f74ffa8eb7245d3ec03c4253c0dc3a78ce4,42,v0.5
stepping_stones,26,9,0.0809,0.0935,0.04,False,True,False,False,False,timeout,12.0001,1.8367,6.0,0.3061,0.1512,0.1522,,0.3869,0.026644,False,,-0.4199,403,2985.408,3.94,24.115,19.215,19.298,0.4233,0.0501,5.984,0.19297,3.0589,335.582,666.6929,11.86,2,100.066,2.0013,0.02,1,305.607,418.0524,8.86,7,2985.408,819.4729,8.08,2,1.11,1.01,0.9099,stepping_stones_s2_d0.50_v0.5_e009,2,20969d4257e2c6cafb45167f1c374f74ffa8eb7245d3ec03c4253c0dc3a78ce4,42,v0.5
gap,33,6,-0.0342,-0.0495,3.272,True,True,True,True,True,timeout,12.0001,5.7501,6.0,0.9583,0.0117,0.1881,0.1375,0.0955,0.040394,True,0.436,1.656,0,0.0,,7.138,7.798,7.798,0.1042,0.065,4.937,0.26809,7.4123,232.367,830.736,11.96,2,186.412,4.8341,0.06,1,431.599,50.5323,0.66,2,0.0,0.0,0.0,0,0.0,0.0,,gap_s2_d0.50_v0.5_e006,2,20969d4257e2c6cafb45167f1c374f74ffa8eb7245d3ec03c4253c0dc3a78ce4,42,v0.5
gap,30,6,0.0876,0.0734,-4.483,False,False,False,False,False,base_contact,1.68,0.8511,6.0,0.1419,0.0303,0.0417,,0.359,0.002147,False,,1.7702,10,970.44,0.98,71.618,59.183,59.183,0.3467,0.319,7.906,0.7391,1.4805,236.607,120.5835,1.38,3,1820.177,67.3416,0.12,2,127.785,8.1879,0.08,2,970.44,39.5555,0.2,3,0.0,0.0,,gap_s2_d0.50_v0.5_e006,2,20969d4257e2c6cafb45167f1c374f74ffa8eb7245d3ec03c4253c0dc3a78ce4,42,v0.5
gap,31,6,0.0981,0.0891,4.582,False,True,False,False,False,timeout,12.0001,0.688,6.0,0.1147,0.2291,0.2292,,0.4782,0.019326,False,,,524,1363.784,0.92,53.018,36.488,36.488,0.4782,0.1066,10.521,0.29457,1.933,216.43,635.1371,11.9,4,341.338,37.6238,0.48,2,212.204,1170.9365,10.64,2,1363.784,732.1971,10.48,6,0.0,0.0,,gap_s2_d0.50_v0.5_e006,2,20969d4257e2c6cafb45167f1c374f74ffa8eb7245d3ec03c4253c0dc3a78ce4,42,v0.5
gap,35,6,0.045,0.0914,2.326,True,True,True,True,True,timeout,12.0001,5.7989,6.0,0.9665,0.5985,0.5985,0.4463,0.0948,0.040086,True,0.4746,1.3952,0,0.0,,7.363,9.117,9.117,0.0946,0.0748,4.999,0.27734,7.707,210.244,851.2028,11.96,2,0.0,0.0,0.0,0,106.054,23.9039,0.44,2,0.0,0.0,0.0,0,0.0,0.0,,gap_s2_d0.50_v0.5_e006,2,20969d4257e2c6cafb45167f1c374f74ffa8eb7245d3ec03c4253c0dc3a78ce4,42,v0.5
gap,38,6,-0.0603,-0.0293,4.298,True,True,True,True,True,timeout,12.0001,5.6244,6.0,0.9374,0.7192,0.7278,0.5752,0.1152,0.03838,True,0.4563,1.329,2,276.99,0.8,15.043,20.597,20.597,0.1333,0.0901,5.093,0.32564,7.5901,356.048,882.0128,11.96,2,0.0,0.0,0.0,0,396.34,23.978,0.48,1,276.99,7.9808,0.04,1,0.0,0.0,,gap_s2_d0.50_v0.5_e006,2,20969d4257e2c6cafb45167f1c374f74ffa8eb7245d3ec03c4253c0dc3a78ce4,42,v0.5
stepping_stones,24,6,-0.0394,0.0028,-4.747,False,True,False,False,False,timeout,12.0001,2.1851,6.0,0.3642,0.5016,0.5627,,0.3573,0.026838,False,,-0.1351,377,1036.027,4.44,47.28,39.061,39.764,0.3889,0.1011,7.362,0.24703,2.969,357.206,839.025,11.86,2,76.145,2.7895,0.08,3,205.455,85.5208,2.14,15,1036.027,1160.4119,7.54,2,1.115,1.01,0.9058,stepping_stones_s2_d0.50_v0.5_e006,2,20969d4257e2c6cafb45167f1c374f74ffa8eb7245d3ec03c4253c0dc3a78ce4,42,v0.5
stepping_stones,21,8,0.0747,0.0271,0.073,False,False,False,True,False,base_contact,4.26,1.289,6.0,0.2148,0.2985,0.2985,,0.2181,0.031929,False,,0.0451,36,2102.494,3.4,7.36,16.129,29.786,0.2331,0.0886,5.524,0.26537,2.3566,312.936,296.1914,4.12,2,134.436,11.9385,0.24,5,526.085,29.3064,0.92,9,2102.494,88.8472,0.74,2,1.11,1.01,0.9099,stepping_stones_s2_d0.50_v0.5_e008,2,20969d4257e2c6cafb45167f1c374f74ffa8eb7245d3ec03c4253c0dc3a78ce4,42,v0.5
gap,31,7,0.0906,-0.08,3.624,False,False,False,False,False,base_contact,1.68,0.6091,6.0,0.1015,0.6126,0.6126,,0.5372,-0.026885,False,,,8,542.94,0.0,168.251,43.954,43.954,0.5214,0.4073,13.445,1.65975,1.3516,2377.794,186.1923,1.24,5,298.607,9.9274,0.06,2,110.048,11.686,0.16,4,542.94,26.0111,0.16,4,0.0,0.0,,gap_s2_d0.50_v0.5_e007,2,20969d4257e2c6cafb45167f1c374f74ffa8eb7245d3ec03c4253c0dc3a78ce4,42,v0.5
stepping_stones,29,10,0.0209,0.0486,1.106,False,False,False,True,False,base_contact,4.18,1.3028,6.0,0.2171,0.2094,0.2094,,0.2148,0.031611,False,,0.0114,45,219.972,0.0,6.923,17.236,31.612,0.2464,0.0888,5.771,0.27177,1.9264,239.522,281.7067,4.04,2,134.563,12.7753,0.18,2,139.718,62.065,1.6,6,219.972,57.2967,0.9,2,1.11,1.01,0.9099,stepping_stones_s2_d0.50_v0.5_e010,2,20969d4257e2c6cafb45167f1c374f74ffa8eb7245d3ec03c4253c0dc3a78ce4,42,v0.5
stepping_stones,26,10,0.0297,0.0717,1.235,False,False,False,True,False,base_contact,3.6,1.249,6.0,0.2082,0.4293,0.4293,,0.23,0.026826,False,,-0.1783,33,566.702,0.0,98.058,54.09,65.256,0.2616,0.1527,5.996,0.37748,2.0972,445.914,239.7586,3.2,7,1059.847,129.1009,0.68,3,376.753,37.3874,0.58,7,566.702,139.9353,0.66,3,1.11,0.9595,0.8644,stepping_stones_s2_d0.50_v0.5_e010,2,20969d4257e2c6cafb45167f1c374f74ffa8eb7245d3ec03c4253c0dc3a78ce4,42,v0.5
stepping_stones,27,6,-0.0475,0.0597,-4.503,False,False,False,False,False,base_contact,4.22,1.2993,6.0,0.2166,0.3783,0.4343,,0.2624,0.027895,False,,-0.9947,1,101.973,0.0,13.786,10.61,25.742,0.2789,0.1769,5.923,0.44414,2.7195,826.694,347.5512,4.08,2,270.606,20.7423,0.26,7,241.529,38.4296,1.04,6,101.973,2.0395,0.02,1,1.115,1.01,0.9058,stepping_stones_s2_d0.50_v0.5_e006,2,20969d4257e2c6cafb45167f1c374f74ffa8eb7245d3ec03c4253c0dc3a78ce4,42,v0.5
stepping_stones,20,8,-0.0855,0.0103,0.721,False,True,False,False,False,timeout,12.0001,1.8775,6.0,0.3129,0.0427,0.1045,,0.3687,0.026949,False,,-0.5074,7,140.663,0.0,82.113,8.907,21.253,0.4107,0.0785,5.735,0.23961,2.09,314.303,665.9555,11.84,3,273.77,43.5291,0.64,6,196.988,98.1733,1.64,11,140.663,8.5836,0.14,2,1.115,1.0003,0.8971,stepping_stones_s2_d0.50_v0.5_e008,2,20969d4257e2c6cafb45167f1c374f74ffa8eb7245d3ec03c4253c0dc3a78ce4,42,v0.5
gap,34,8,-0.0526,0.0844,2.01,True,True,True,True,True,timeout,12.0001,5.8257,6.0,0.971,0.4486,0.4579,0.3794,0.0963,0.040185,True,0.4629,1.4903,0,0.0,,6.976,8.95,8.95,0.0981,0.0737,4.937,0.27386,7.7085,167.33,854.0478,11.96,2,0.0,0.0,0.0,0,386.51,36.6574,0.58,3,0.0,0.0,0.0,0,0.0,0.0,,gap_s2_d0.50_v0.5_e008,2,20969d4257e2c6cafb45167f1c374f74ffa8eb7245d3ec03c4253c0dc3a78ce4,42,v0.5
stepping_stones,23,6,-0.0664,0.0217,4.044,False,True,False,False,False,timeout,12.0001,1.2614,6.0,0.2102,0.0564,0.0565,,0.4062,0.027268,False,,-0.3117,39,2003.331,0.0,73.125,16.008,31.798,0.4403,0.0374,4.966,0.15134,2.1436,332.371,439.9013,11.84,3,147.13,27.358,0.44,2,509.407,526.7819,8.96,2,2003.331,104.1588,0.78,3,1.11,0.4971,0.4478,stepping_stones_s2_d0.50_v0.5_e006,2,20969d4257e2c6cafb45167f1c374f74ffa8eb7245d3ec03c4253c0dc3a78ce4,42,v0.5
stepping_stones,28,7,0.0506,-0.0798,4.964,False,True,False,False,False,timeout,12.0001,1.1434,6.0,0.1906,0.3234,0.3553,,0.4215,0.02519,False,,-0.1154,1,85.97,0.0,13.334,34.587,52.681,0.4385,0.0818,6.776,0.19882,2.1348,345.326,788.5591,11.74,4,296.827,44.3494,0.62,6,332.617,87.2943,9.32,4,85.97,1.7194,0.02,1,1.115,0.9849,0.8833,stepping_stones_s2_d0.50_v0.5_e007,2,20969d4257e2c6cafb45167f1c374f74ffa8eb7245d3ec03c4253c0dc3a78ce4,42,v0.5
stepping_stones,24,7,-0.0281,-0.0379,0.188,False,False,False,True,False,base_contact,5.18,2.2204,6.0,0.3701,0.3443,0.3599,,0.1917,0.029379,False,,-0.584,11,215.036,0.0,16.452,16.94,22.578,0.2249,0.0981,5.933,0.38123,2.6877,328.304,373.9027,5.02,3,184.281,30.0155,0.3,2,526.879,123.9833,2.08,11,215.036,18.0405,0.22,2,1.11,1.01,0.9099,stepping_stones_s2_d0.50_v0.5_e007,2,20969d4257e2c6cafb45167f1c374f74ffa8eb7245d3ec03c4253c0dc3a78ce4,42,v0.5
stepping_stones,25,9,-0.0193,0.0666,-3.243,False,True,False,False,False,timeout,12.0001,1.3051,6.0,0.2175,0.1971,0.2148,,0.4126,0.025747,False,,-0.3175,445,2247.761,0.0,26.976,16.741,31.484,0.4408,0.047,6.962,0.17264,1.8472,236.806,724.1797,11.86,2,133.544,195.034,8.42,4,145.309,499.2316,9.3,7,2247.761,476.8977,8.9,4,1.115,1.0014,0.8981,stepping_stones_s2_d0.50_v0.5_e009,2,20969d4257e2c6cafb45167f1c374f74ffa8eb7245d3ec03c4253c0dc3a78ce4,42,v0.5
discrete_obstacles,0,6,-0.0623,-0.0811,-3.148,True,True,True,True,True,timeout,12.0001,5.4076,6.0,0.9013,0.4952,0.4956,0.1718,0.084,0.040753,True,0.4456,0.5712,0,0.0,,5.283,9.141,11.71,0.0832,0.0665,4.779,0.23623,6.4642,251.596,841.7127,11.86,2,0.0,0.0,0.0,0,0.0,0.0,0.0,0,0.0,0.0,0.0,0,0.155,0.155,1.0,discrete_obstacles_s2_d0.50_v0.5_e006,2,20969d4257e2c6cafb45167f1c374f74ffa8eb7245d3ec03c4253c0dc3a78ce4,42,v0.5
discrete_obstacles,1,6,-0.0511,0.085,0.236,True,True,True,True,True,timeout,12.0001,5.4722,6.0,0.912,0.4013,0.402,0.1768,0.0786,0.041195,True,0.5039,0.8416,0,0.0,,3.487,4.533,5.002,0.0739,0.0665,4.62,0.22265,7.403,256.951,820.4947,11.88,2,0.0,0.0,0.0,0,0.0,0.0,0.0,0,0.0,0.0,0.0,0,0.21,0.05,0.2381,discrete_obstacles_s2_d0.50_v0.5_e006,2,20969d4257e2c6cafb45167f1c374f74ffa8eb7245d3ec03c4253c0dc3a78ce4,42,v0.5
discrete_obstacles,2,6,0.0985,-0.073,-4.857,True,True,True,True,True,timeout,12.0001,5.4522,6.0,0.9087,0.2415,0.2415,0.0342,0.0835,0.040826,True,0.461,0.6664,0,0.0,,5.229,8.482,11.334,0.0793,0.0668,4.645,0.24623,6.3515,257.021,841.5248,11.86,2,0.0,0.0,0.0,0,165.05,10.7582,0.24,3,0.0,0.0,0.0,0,0.155,0.1201,0.7751,discrete_obstacles_s2_d0.50_v0.5_e006,2,20969d4257e2c6cafb45167f1c374f74ffa8eb7245d3ec03c4253c0dc3a78ce4,42,v0.5
discrete_obstacles,3,6,-0.0143,-0.0855,-2.52,True,True,True,True,True,timeout,12.0001,5.4558,6.0,0.9093,0.4107,0.4107,0.1271,0.0792,0.040832,True,0.4203,0.7172,0,0.0,,4.481,9.542,12.102,0.0779,0.0654,4.733,0.22956,7.0473,272.473,834.1193,11.86,2,0.0,0.0,0.0,0,0.0,0.0,0.0,0,0.0,0.0,0.0,0,0.155,0.155,1.0,discrete_obstacles_s2_d0.50_v0.5_e006,2,20969d4257e2c6cafb45167f1c374f74ffa8eb7245d3ec03c4253c0dc3a78ce4,42,v0.5
discrete_obstacles,4,6,-0.0336,0.018,1.991,True,True,True,True,True,timeout,12.0001,5.4625,6.0,0.9104,0.4792,0.4792,0.1811,0.0794,0.041257,True,0.4865,0.8493,0,0.0,,3.351,3.867,4.885,0.0735,0.0677,4.617,0.22312,7.6057,284.139,818.5128,11.86,2,0.0,0.0,0.0,0,0.0,0.0,0.0,0,0.0,0.0,0.0,0,0.21,0.05,0.2381,discrete_obstacles_s2_d0.50_v0.5_e006,2,20969d4257e2c6cafb45167f1c374f74ffa8eb7245d3ec03c4253c0dc3a78ce4,42,v0.5
discrete_obstacles,5,6,-0.0609,-0.0428,4.871,True,True,True,True,True,timeout,12.0001,5.4777,6.0,0.9129,0.2987,0.2991,0.1136,0.0796,0.041177,True,0.4663,0.8359,0,0.0,,2.908,6.164,6.478,0.0736,0.0682,4.655,0.22075,7.6046,334.727,820.1008,11.88,2,0.0,0.0,0.0,0,0.0,0.0,0.0,0,0.0,0.0,0.0,0,0.21,0.05,0.2381,discrete_obstacles_s2_d0.50_v0.5_e006,2,20969d4257e2c6cafb45167f1c374f74ffa8eb7245d3ec03c4253c0dc3a78ce4,42,v0.5
discrete_obstacles,6,6,0.016,0.0015,4.647,True,True,True,True,True,timeout,12.0001,5.4397,6.0,0.9066,0.4477,0.4477,0.2051,0.0822,0.041362,True,0.4794,0.8532,0,0.0,,3.18,5.366,5.655,0.0743,0.0695,4.607,0.2211,7.1255,318.525,814.9838,11.86,2,0.0,0.0,0.0,0,57.485,2.7327,0.06,1,0.0,0.0,0.0,0,0.21,0.05,0.2381,discrete_obstacles_s2_d0.50_v0.5_e006,2,20969d4257e2c6cafb45167f1c374f74ffa8eb7245d3ec03c4253c0dc3a78ce4,42,v0.5
discrete_obstacles,7,6,0.02,-0.058,-3.253,True,True,True,True,True,timeout,12.0001,5.4485,6.0,0.9081,0.4756,0.4756,0.1383,0.079,0.040978,True,0.4558,0.748,0,0.0,,5.239,9.445,11.223,0.0773,0.0637,4.756,0.23587,7.1227,349.835,837.3221,11.86,2,0.0,0.0,0.0,0,0.0,0.0,0.0,0,0.0,0.0,0.0,0,0.155,0.155,1.0,discrete_obstacles_s2_d0.50_v0.5_e006,2,20969d4257e2c6cafb45167f1c374f74ffa8eb7245d3ec03c4253c0dc3a78ce4,42,v0.5
discrete_obstacles,8,6,-0.0178,0.066,-4.362,True,True,True,True,True,timeout,12.0001,5.4505,6.0,0.9084,0.5409,0.5409,0.2252,0.081,0.041153,True,0.4538,0.8388,0,0.0,,3.289,4.904,5.613,0.0748,0.0674,4.689,0.21839,8.5402,280.664,820.5681,11.88,2,0.0,0.0,0.0,0,0.0,0.0,0.0,0,0.0,0.0,0.0,0,0.155,0.05,0.3226,discrete_obstacles_s2_d0.50_v0.5_e006,2,20969d4257e2c6cafb45167f1c374f74ffa8eb7245d3ec03c4253c0dc3a78ce4,42,v0.5
discrete_obstacles,9,6,0.0206,0.0178,1.518,True,True,True,True,True,timeout,12.0001,5.4712,6.0,0.9119,0.3223,0.3223,0.1447,0.0794,0.04115,True,0.4698,0.849,0,0.0,,3.469,4.458,5.297,0.0742,0.0664,4.606,0.22004,7.4893,287.353,817.8194,11.86,2,0.0,0.0,0.0,0,0.0,0.0,0.0,0,0.0,0.0,0.0,0,0.21,0.05,0.2381,discrete_obstacles_s2_d0.50_v0.5_e006,2,20969d4257e2c6cafb45167f1c374f74ffa8eb7245d3ec03c4253c0dc3a78ce4,42,v0.5
wave,10,6,0.0358,0.0004,1.014,True,True,True,True,True,timeout,12.0001,5.4997,6.0,0.9166,0.296,0.296,0.0749,0.0774,0.041821,True,0.4672,0.0,0,0.0,,3.751,6.66,9.052,0.0703,0.0667,4.599,0.21133,7.2513,263.321,831.7957,11.94,2,0.0,0.0,0.0,0,0.0,0.0,0.0,0,0.0,0.0,0.0,0,0.1243,0.0728,0.5861,wave_s2_d0.50_v0.5_e006,2,20969d4257e2c6cafb45167f1c374f74ffa8eb7245d3ec03c4253c0dc3a78ce4,42,v0.5
wave,11,6,-0.0832,-0.0326,-1.584,True,True,True,True,True,timeout,12.0001,5.477,6.0,0.9128,0.4375,0.4375,0.1362,0.0773,0.041764,True,0.5199,-0.0722,0,0.0,,4.063,6.704,9.218,0.0713,0.0661,4.618,0.21086,7.1952,316.771,832.5919,11.92,2,0.0,0.0,0.0,0,0.0,0.0,0.0,0,0.0,0.0,0.0,0,0.1272,0.073,0.5739,wave_s2_d0.50_v0.5_e006,2,20969d4257e2c6cafb45167f1c374f74ffa8eb7245d3ec03c4253c0dc3a78ce4,42,v0.5
wave,12,6,0.0457,-0.0321,-0.423,True,True,True,True,True,timeout,12.0001,5.4703,6.0,0.9117,0.3769,0.3769,0.089,0.078,0.041739,True,0.4816,-0.0851,0,0.0,,3.774,6.539,8.978,0.0711,0.0665,4.61,0.21114,7.3943,296.458,830.7385,11.94,2,0.0,0.0,0.0,0,0.0,0.0,0.0,0,0.0,0.0,0.0,0,0.1257,0.0721,0.5735,wave_s2_d0.50_v0.5_e006,2,20969d4257e2c6cafb45167f1c374f74ffa8eb7245d3ec03c4253c0dc3a78ce4,42,v0.5
wave,13,6,0.006,-0.0666,-3.955,True,True,True,True,True,timeout,12.0001,5.4511,6.0,0.9085,0.4438,0.4438,0.1058,0.0787,0.041787,True,0.5011,0.0,0,0.0,,3.798,7.003,9.549,0.0722,0.0664,4.58,0.20758,7.0027,346.335,834.4231,11.92,2,0.0,0.0,0.0,0,0.0,0.0,0.0,0,0.0,0.0,0.0,0,0.1371,0.0722,0.5271,wave_s2_d0.50_v0.5_e006,2,20969d4257e2c6cafb45167f1c374f74ffa8eb7245d3ec03c4253c0dc3a78ce4,42,v0.5
wave,14,6,-0.0957,-0.0392,-1.567,True,True,True,True,True,timeout,12.0001,5.4731,6.0,0.9122,0.4144,0.4144,0.1365,0.0777,0.041823,True,0.5102,0.0,0,0.0,,3.954,6.668,9.291,0.0721,0.0661,4.614,0.21002,6.9458,328.577,832.8961,11.92,2,0.0,0.0,0.0,0,0.0,0.0,0.0,0,0.0,0.0,0.0,0,0.1273,0.073,0.5731,wave_s2_d0.50_v0.5_e006,2,20969d4257e2c6cafb45167f1c374f74ffa8eb7245d3ec03c4253c0dc3a78ce4,42,v0.5
wave,15,6,0.0723,0.026,1.774,True,True,True,True,True,timeout,12.0001,5.5076,6.0,0.9179,0.3569,0.3569,0.101,0.0768,0.041878,True,0.4833,-0.0677,0,0.0,,3.652,6.492,8.995,0.0694,0.0663,4.585,0.21086,7.9855,203.365,830.2617,11.94,2,0.0,0.0,0.0,0,0.0,0.0,0.0,0,0.0,0.0,0.0,0,0.136,0.0783,0.5762,wave_s2_d0.50_v0.5_e006,2,20969d4257e2c6cafb45167f1c374f74ffa8eb7245d3ec03c4253c0dc3a78ce4,42,v0.5
wave,16,6,0.0828,-0.0605,1.257,True,True,True,True,True,timeout,12.0001,5.4803,6.0,0.9134,0.3501,0.3501,0.0734,0.0791,0.04186,True,0.4903,-0.0684,0,0.0,,3.818,6.655,9.118,0.071,0.0678,4.578,0.20912,6.7669,309.913,837.2187,11.94,2,0.0,0.0,0.0,0,0.0,0.0,0.0,0,0.0,0.0,0.0,0,0.1255,0.073,0.5822,wave_s2_d0.50_v0.5_e006,2,20969d4257e2c6cafb45167f1c374f74ffa8eb7245d3ec03c4253c0dc3a78ce4,42,v0.5
wave,17,6,-0.05,-0.0653,1.917,True,True,True,True,True,timeout,12.0001,5.4856,6.0,0.9143,0.4155,0.418,0.1245,0.0767,0.041719,True,0.4846,0.0,0,0.0,,3.89,6.919,9.48,0.0714,0.0651,4.59,0.21121,7.8702,305.05,832.5446,11.92,2,0.0,0.0,0.0,0,0.0,0.0,0.0,0,0.0,0.0,0.0,0,0.1323,0.0762,0.5754,wave_s2_d0.50_v0.5_e006,2,20969d4257e2c6cafb45167f1c374f74ffa8eb7245d3ec03c4253c0dc3a78ce4,42,v0.5
wave,18,6,0.0252,-0.0983,0.443,True,True,True,True,True,timeout,12.0001,5.4554,6.0,0.9092,0.3489,0.3508,0.0719,0.0787,0.041687,True,0.4688,-0.0769,0,0.0,,3.956,6.631,9.004,0.0723,0.0662,4.6,0.20985,7.3672,251.529,830.8537,11.92,2,0.0,0.0,0.0,0,0.0,0.0,0.0,0,0.0,0.0,0.0,0,0.1313,0.0724,0.5514,wave_s2_d0.50_v0.5_e006,2,20969d4257e2c6cafb45167f1c374f74ffa8eb7245d3ec03c4253c0dc3a78ce4,42,v0.5
wave,19,6,-0.0015,-0.0923,1.983,True,True,True,True,True,timeout,12.0001,5.48,6.0,0.9133,0.3609,0.3609,0.0904,0.0786,0.04179,True,0.4951,-0.0868,0,0.0,,3.973,6.329,8.662,0.0717,0.067,4.619,0.21092,8.0419,251.464,832.2894,11.92,2,0.0,0.0,0.0,0,0.0,0.0,0.0,0,0.0,0.0,0.0,0,0.1264,0.0727,0.5753,wave_s2_d0.50_v0.5_e006,2,20969d4257e2c6cafb45167f1c374f74ffa8eb7245d3ec03c4253c0dc3a78ce4,42,v0.5
stepping_stones,22,6,-0.0756,0.0741,3.037,False,True,False,False,False,timeout,12.0001,1.451,6.0,0.2418,0.1202,0.1261,,0.3939,0.027035,False,,-0.0123,434,859.541,0.0,21.803,13.267,22.489,0.4273,0.0439,6.531,0.17205,2.2687,298.885,676.2816,11.86,2,47.132,57.5243,3.84,5,112.712,309.392,9.4,6,859.541,706.7198,8.68,3,1.115,1.01,0.9058,stepping_stones_s2_d0.50_v0.5_e006,2,20969d4257e2c6cafb45167f1c374f74ffa8eb7245d3ec03c4253c0dc3a78ce4,42,v0.5
gap,32,6,-0.0635,0.0152,4.012,True,True,True,True,True,timeout,12.0001,5.4113,6.0,0.9019,0.262,0.3527,0.3236,0.1179,0.037176,True,0.4368,0.3102,9,1027.194,0.8,12.912,12.48,12.48,0.1258,0.0898,5.339,0.35829,8.2989,267.894,871.0292,11.96,2,268.47,7.4282,0.04,1,96.61,2.281,0.04,2,1027.194,48.1193,0.18,2,0.0,0.0,,gap_s2_d0.50_v0.5_e006,2,20969d4257e2c6cafb45167f1c374f74ffa8eb7245d3ec03c4253c0dc3a78ce4,42,v0.5
gap,36,6,0.0142,-0.0385,0.162,True,True,True,True,True,timeout,12.0001,5.7092,6.0,0.9515,0.1664,0.2068,0.1889,0.0941,0.040429,True,0.4348,1.3987,0,0.0,,6.555,7.948,7.948,0.1038,0.0641,4.909,0.25604,6.9258,191.341,835.1337,11.96,2,0.0,0.0,0.0,0,310.775,56.2922,0.74,2,0.0,0.0,0.0,0,0.0,0.0,,gap_s2_d0.50_v0.5_e006,2,20969d4257e2c6cafb45167f1c374f74ffa8eb7245d3ec03c4253c0dc3a78ce4,42,v0.5
gap,37,6,-0.0482,0.022,2.992,True,True,True,True,True,timeout,12.0001,5.7768,6.0,0.9628,0.4385,0.4492,0.373,0.0943,0.040361,True,0.4624,1.4252,0,0.0,,7.036,6.895,6.895,0.0957,0.0705,4.955,0.26553,7.1481,155.596,859.6442,11.96,2,162.222,3.2444,0.02,1,679.715,40.6348,0.58,3,0.0,0.0,0.0,0,0.0,0.0,,gap_s2_d0.50_v0.5_e006,2,20969d4257e2c6cafb45167f1c374f74ffa8eb7245d3ec03c4253c0dc3a78ce4,42,v0.5
gap,39,6,0.0171,0.0579,0.387,True,True,True,True,True,timeout,12.0001,5.6752,6.0,0.9459,0.0324,0.1954,0.1358,0.0965,0.040151,True,0.4668,1.3752,0,0.0,,6.383,6.819,6.819,0.1025,0.0663,4.927,0.25838,7.063,170.648,834.2791,11.96,2,0.0,0.0,0.0,0,284.909,45.0707,0.68,1,0.0,0.0,0.0,0,0.0,0.0,,gap_s2_d0.50_v0.5_e006,2,20969d4257e2c6cafb45167f1c374f74ffa8eb7245d3ec03c4253c0dc3a78ce4,42,v0.5
pit,40,6,-0.0974,-0.0459,-0.514,True,True,True,True,True,timeout,12.0001,5.6158,6.0,0.936,0.2263,0.2287,0.1362,0.0792,0.041729,True,0.4664,0.8431,0,0.0,,6.739,14.823,24.729,0.0683,0.0647,4.693,0.2298,7.0848,100.407,825.1561,11.98,2,0.0,0.0,0.0,0,0.0,0.0,0.0,0,0.0,0.0,0.0,0,0.2,0.2,1.0,pit_s2_d0.50_v0.5_e006,2,20969d4257e2c6cafb45167f1c374f74ffa8eb7245d3ec03c4253c0dc3a78ce4,42,v0.5
pit,41,6,0.0754,0.0907,3.679,True,True,True,True,True,timeout,12.0001,5.6312,6.0,0.9385,0.0929,0.1183,0.1158,0.0785,0.041747,True,0.4666,0.8268,0,0.0,,6.744,15.118,24.86,0.0704,0.0621,4.694,0.24611,6.5132,109.123,833.4086,11.98,2,0.0,0.0,0.0,0,88.962,1.7792,0.02,1,0.0,0.0,0.0,0,0.2,0.2,1.0,pit_s2_d0.50_v0.5_e006,2,20969d4257e2c6cafb45167f1c374f74ffa8eb7245d3ec03c4253c0dc3a78ce4,42,v0.5
pit,42,6,0.0066,0.0708,-0.791,True,True,True,True,True,timeout,12.0001,5.633,6.0,0.9388,0.2198,0.2292,0.1506,0.0783,0.041836,True,0.4758,0.8434,0,0.0,,7.196,14.981,24.801,0.0701,0.0616,4.696,0.23818,6.8999,141.541,829.7522,11.96,2,0.0,0.0,0.0,0,0.0,0.0,0.0,0,0.0,0.0,0.0,0,0.2,0.2,1.0,pit_s2_d0.50_v0.5_e006,2,20969d4257e2c6cafb45167f1c374f74ffa8eb7245d3ec03c4253c0dc3a78ce4,42,v0.5
pit,43,6,0.0858,0.0872,-0.56,True,True,True,True,True,timeout,12.0001,5.6404,6.0,0.9401,0.1303,0.1437,0.1287,0.0782,0.041593,True,0.4665,0.8426,0,0.0,,6.473,15.032,24.752,0.0699,0.0618,4.707,0.24533,6.9398,110.394,832.5339,11.98,2,0.0,0.0,0.0,0,78.83,1.5766,0.02,1,0.0,0.0,0.0,0,0.2,0.2,1.0,pit_s2_d0.50_v0.5_e006,2,20969d4257e2c6cafb45167f1c374f74ffa8eb7245d3ec03c4253c0dc3a78ce4,42,v0.5
pit,44,6,0.0839,-0.0894,3.078,True,True,True,True,True,timeout,12.0001,5.6416,6.0,0.9403,0.174,0.1823,0.135,0.0779,0.041603,True,0.4694,0.8485,0,0.0,,6.796,15.216,24.959,0.0703,0.0609,4.719,0.24697,7.2018,147.231,833.5942,11.98,2,0.0,0.0,0.0,0,29.288,0.5858,0.02,1,0.0,0.0,0.0,0,0.2,0.2,1.0,pit_s2_d0.50_v0.5_e006,2,20969d4257e2c6cafb45167f1c374f74ffa8eb7245d3ec03c4253c0dc3a78ce4,42,v0.5
pit,45,6,0.0244,-0.0968,0.214,True,True,True,True,True,timeout,12.0001,5.6488,6.0,0.9415,0.1776,0.1875,0.1373,0.0787,0.041887,True,0.466,0.8469,0,0.0,,6.932,15.021,24.872,0.07,0.0628,4.686,0.23927,6.9924,113.744,832.3959,11.96,2,0.0,0.0,0.0,0,0.0,0.0,0.0,0,0.0,0.0,0.0,0,0.2,0.2,1.0,pit_s2_d0.50_v0.5_e006,2,20969d4257e2c6cafb45167f1c374f74ffa8eb7245d3ec03c4253c0dc3a78ce4,42,v0.5
pit,46,6,0.0777,-0.053,-0.784,True,True,True,True,True,timeout,12.0001,5.6376,6.0,0.9396,0.1383,0.1523,0.1283,0.0781,0.041784,True,0.4686,0.8321,0,0.0,,6.591,15.339,25.146,0.0697,0.0615,4.712,0.24578,6.9971,127.732,831.3489,11.96,2,0.0,0.0,0.0,0,79.888,1.6735,0.04,1,0.0,0.0,0.0,0,0.2,0.2,1.0,pit_s2_d0.50_v0.5_e006,2,20969d4257e2c6cafb45167f1c374f74ffa8eb7245d3ec03c4253c0dc3a78ce4,42,v0.5
pit,47,6,0.0816,-0.051,-3.253,True,True,True,True,True,timeout,12.0001,5.6368,6.0,0.9395,0.098,0.1181,0.1154,0.0784,0.041789,True,0.4673,0.8381,0,0.0,,6.895,15.132,24.93,0.0706,0.0619,4.708,0.24718,6.5285,154.01,833.0985,11.96,2,0.0,0.0,0.0,0,30.287,0.6057,0.02,1,0.0,0.0,0.0,0,0.2,0.2,1.0,pit_s2_d0.50_v0.5_e006,2,20969d4257e2c6cafb45167f1c374f74ffa8eb7245d3ec03c4253c0dc3a78ce4,42,v0.5
pit,48,6,-0.0862,0.0855,2.685,True,True,True,True,True,timeout,12.0001,5.6212,6.0,0.9369,0.2106,0.2185,0.1202,0.0792,0.041821,True,0.4666,0.847,0,0.0,,6.701,14.896,24.809,0.0685,0.0646,4.711,0.23297,7.027,125.625,825.6104,11.96,2,0.0,0.0,0.0,0,0.0,0.0,0.0,0,0.0,0.0,0.0,0,0.2,0.2,1.0,pit_s2_d0.50_v0.5_e006,2,20969d4257e2c6cafb45167f1c374f74ffa8eb7245d3ec03c4253c0dc3a78ce4,42,v0.5
pit,49,6,0.0168,0.0109,-4.237,True,True,True,True,True,timeout,12.0001,5.6364,6.0,0.9394,0.2413,0.2525,0.1722,0.0786,0.041832,True,0.4717,0.8438,0,0.0,,7.139,14.974,24.773,0.0698,0.062,4.695,0.23798,7.1083,132.972,832.4819,11.98,2,0.0,0.0,0.0,0,0.0,0.0,0.0,0,0.0,0.0,0.0,0,0.2,0.2,1.0,pit_s2_d0.50_v0.5_e006,2,20969d4257e2c6cafb45167f1c374f74ffa8eb7245d3ec03c4253c0dc3a78ce4,42,v0.5
rails,50,6,-0.0456,-0.0753,-3.189,True,True,True,True,True,timeout,12.0001,5.5125,6.0,0.9188,0.0079,0.0359,0.0182,0.0817,0.04146,True,0.3996,0.6469,0,0.0,,5.416,4.53,5.41,0.0692,0.0709,4.749,0.25553,5.6534,132.796,841.939,11.96,2,0.0,0.0,0.0,0,104.972,37.5963,0.8,6,0.0,0.0,0.0,0,0.115,0.115,1.0,rails_s2_d0.50_v0.5_e006,2,20969d4257e2c6cafb45167f1c374f74ffa8eb7245d3ec03c4253c0dc3a78ce4,42,v0.5
rails,51,6,-0.0934,0.0348,-3.606,True,True,True,True,True,timeout,12.0001,5.4847,6.0,0.9141,0.2245,0.2245,0.0189,0.083,0.041159,True,0.4154,0.5455,0,0.0,,4.68,5.732,6.175,0.0674,0.0749,4.82,0.2647,6.0592,156.4,842.8785,11.98,2,0.0,0.0,0.0,0,119.23,79.0218,1.5,5,0.0,0.0,0.0,0,0.115,0.115,1.0,rails_s2_d0.50_v0.5_e006,2,20969d4257e2c6cafb45167f1c374f74ffa8eb7245d3ec03c4253c0dc3a78ce4,42,v0.5
rails,52,6,0.0227,0.0241,4.441,True,True,True,True,True,timeout,12.0001,5.431,6.0,0.9052,0.2374,0.2433,0.1147,0.0882,0.041012,True,0.4813,0.1555,0,0.0,,5.147,4.755,5.351,0.0824,0.0721,4.768,0.255,5.8333,140.331,847.1855,11.96,2,52.87,1.5418,0.04,1,127.763,34.8271,0.8,5,0.0,0.0,0.0,0,0.115,0.115,1.0,rails_s2_d0.50_v0.5_e006,2,20969d4257e2c6cafb45167f1c374f74ffa8eb7245d3ec03c4253c0dc3a78ce4,42,v0.5
rails,53,6,-0.0527,-0.0304,-3.539,True,True,True,True,True,timeout,12.0001,5.4624,6.0,0.9104,0.1394,0.1394,0.0204,0.0841,0.04098,True,0.4298,0.3844,0,0.0,,4.365,5.415,5.989,0.0719,0.0754,4.856,0.26673,5.7746,168.647,835.4946,11.96,2,0.0,0.0,0.0,0,197.553,83.0772,1.52,7,0.0,0.0,0.0,0,0.115,0.115,1.0,rails_s2_d0.50_v0.5_e006,2,20969d4257e2c6cafb45167f1c374f74ffa8eb7245d3ec03c4253c0dc3a78ce4,42,v0.5
rails,54,6,-0.0925,-0.039,0.035,True,True,True,True,True,timeout,12.0001,5.5387,6.0,0.9231,0.2288,0.2288,0.0717,0.0811,0.04126,True,0.4377,0.6539,0,0.0,,3.058,6.07,6.412,0.0661,0.072,4.735,0.25932,5.8441,206.826,845.9858,11.96,2,0.0,0.0,0.0,0,220.439,86.9117,1.5,5,0.0,0.0,0.0,0,0.115,0.115,1.0,rails_s2_d0.50_v0.5_e006,2,20969d4257e2c6cafb45167f1c374f74ffa8eb7245d3ec03c4253c0dc3a78ce4,42,v0.5
rails,55,6,-0.0666,-0.0891,0.297,True,True,True,True,True,timeout,12.0001,5.5395,6.0,0.9233,0.1463,0.1463,0.0506,0.0806,0.041408,True,0.4234,0.7513,0,0.0,,5.479,4.592,5.285,0.0675,0.0715,4.717,0.24984,6.0142,123.496,840.6669,11.96,2,0.0,0.0,0.0,0,303.42,45.9356,0.78,6,0.0,0.0,0.0,0,0.115,0.115,1.0,rails_s2_d0.50_v0.5_e006,2,20969d4257e2c6cafb45167f1c374f74ffa8eb7245d3ec03c4253c0dc3a78ce4,42,v0.5
rails,56,6,-0.04,0.0545,-2.878,True,True,True,True,True,timeout,12.0001,5.4713,6.0,0.9119,0.1941,0.1944,0.0109,0.0827,0.040934,True,0.4397,0.713,0,0.0,,3.351,5.301,5.917,0.0667,0.0749,4.838,0.26878,5.6455,148.866,834.6598,11.98,2,0.0,0.0,0.0,0,296.673,90.608,1.56,5,0.0,0.0,0.0,0,0.115,0.115,1.0,rails_s2_d0.50_v0.5_e006,2,20969d4257e2c6cafb45167f1c374f74ffa8eb7245d3ec03c4253c0dc3a78ce4,42,v0.5
rails,57,6,-0.0704,0.0837,1.514,True,True,True,True,True,timeout,12.0001,5.5357,6.0,0.9226,0.1568,0.1568,0.033,0.0801,0.041541,True,0.4209,0.7775,0,0.0,,3.154,5.431,5.798,0.0644,0.0725,4.729,0.25523,5.6704,178.008,835.863,11.96,2,0.0,0.0,0.0,0,162.344,90.8091,1.5,4,0.0,0.0,0.0,0,0.115,0.115,1.0,rails_s2_d0.50_v0.5_e006,2,20969d4257e2c6cafb45167f1c374f74ffa8eb7245d3ec03c4253c0dc3a78ce4,42,v0.5
rails,58,6,-0.0559,0.0844,-1.598,True,True,True,True,True,timeout,12.0001,5.5435,6.0,0.9239,0.0765,0.0943,0.0036,0.0824,0.041349,True,0.4109,0.7493,0,0.0,,3.559,4.245,4.956,0.0667,0.0741,4.721,0.25775,5.6292,123.685,843.9593,11.98,2,0.0,0.0,0.0,0,264.239,62.3359,1.18,4,0.0,0.0,0.0,0,0.115,0.115,1.0,rails_s2_d0.50_v0.5_e006,2,20969d4257e2c6cafb45167f1c374f74ffa8eb7245d3ec03c4253c0dc3a78ce4,42,v0.5
rails,59,6,-0.074,0.0208,2.626,True,True,True,True,True,timeout,12.0001,5.5652,6.0,0.9275,0.0054,0.0673,0.0278,0.0803,0.041432,True,0.419,0.7669,0,0.0,,4.574,5.079,5.599,0.0671,0.07,4.673,0.25417,5.0777,125.456,843.8687,11.96,2,0.0,0.0,0.0,0,196.525,49.322,0.84,4,0.0,0.0,0.0,0,0.115,0.115,1.0,rails_s2_d0.50_v0.5_e006,2,20969d4257e2c6cafb45167f1c374f74ffa8eb7245d3ec03c4253c0dc3a78ce4,42,v0.5
star,60,6,0.0411,0.0439,-4.153,True,True,True,True,True,timeout,12.0001,5.4829,6.0,0.9138,0.449,0.451,0.1553,0.079,0.041924,True,0.495,0.8373,0,0.0,,3.015,3.665,6.16,0.0629,0.0696,4.557,0.19944,8.8872,131.974,831.3678,11.98,2,0.0,0.0,0.0,0,0.0,0.0,0.0,0,0.0,0.0,0.0,0,0.105,0.0,0.0001,star_s2_d0.50_v0.5_e006,2,20969d4257e2c6cafb45167f1c374f74ffa8eb7245d3ec03c4253c0dc3a78ce4,42,v0.5
star,61,6,-0.0037,0.0097,-0.43,True,True,True,True,True,timeout,12.0001,5.6599,6.0,0.9433,0.772,0.772,0.2699,0.0782,0.041862,True,0.4811,0.7902,0,0.0,,7.227,6.878,10.032,0.0651,0.0706,4.635,0.22098,7.0954,141.83,850.3749,11.96,2,0.0,0.0,0.0,0,98.218,12.8193,0.22,2,0.0,0.0,0.0,0,0.105,0.105,1.0,star_s2_d0.50_v0.5_e006,2,20969d4257e2c6cafb45167f1c374f74ffa8eb7245d3ec03c4253c0dc3a78ce4,42,v0.5
star,62,6,0.0113,-0.0465,4.534,True,True,True,True,True,timeout,12.0001,5.6325,6.0,0.9388,0.4851,0.4898,0.2844,0.0755,0.041883,True,0.4438,0.8357,0,0.0,,6.91,7.599,11.489,0.0631,0.067,4.556,0.22159,6.1381,120.771,841.3498,11.96,2,0.0,0.0,0.0,0,104.312,9.905,0.2,2,0.0,0.0,0.0,0,0.105,0.105,1.0,star_s2_d0.50_v0.5_e006,2,20969d4257e2c6cafb45167f1c374f74ffa8eb7245d3ec03c4253c0dc3a78ce4,42,v0.5
star,63,6,0.029,0.0007,-1.957,True,True,True,True,True,timeout,12.0001,5.5213,6.0,0.9202,0.53,0.5323,0.2045,0.077,0.041836,True,0.4758,0.8309,0,0.0,,5.006,3.756,6.327,0.0608,0.0704,4.611,0.20269,8.8382,151.837,840.3271,11.96,2,0.0,0.0,0.0,0,0.0,0.0,0.0,0,0.0,0.0,0.0,0,0.105,0.0,0.0001,star_s2_d0.50_v0.5_e006,2,20969d4257e2c6cafb45167f1c374f74ffa8eb7245d3ec03c4253c0dc3a78ce4,42,v0.5
star,64,6,0.009,-0.0192,2.625,True,True,True,True,True,timeout,12.0001,5.6523,6.0,0.9421,0.631,0.631,0.278,0.076,0.041626,True,0.5106,0.8431,0,0.0,,6.816,6.437,9.992,0.0644,0.0676,4.565,0.21851,7.239,124.32,847.1761,11.98,2,0.0,0.0,0.0,0,99.94,13.9452,0.26,1,0.0,0.0,0.0,0,0.105,0.105,1.0,star_s2_d0.50_v0.5_e006,2,20969d4257e2c6cafb45167f1c374f74ffa8eb7245d3ec03c4253c0dc3a78ce4,42,v0.5
star,65,6,-0.0565,-0.0581,-2.693,True,True,True,True,True,timeout,12.0001,5.4688,6.0,0.9115,0.6642,0.6643,0.1992,0.0783,0.041843,True,0.4768,0.8381,0,0.0,,4.135,4.417,6.777,0.062,0.0695,4.614,0.20414,9.1138,108.643,833.4385,11.98,2,0.0,0.0,0.0,0,0.0,0.0,0.0,0,0.0,0.0,0.0,0,0.105,0.0,0.0001,star_s2_d0.50_v0.5_e006,2,20969d4257e2c6cafb45167f1c374f74ffa8eb7245d3ec03c4253c0dc3a78ce4,42,v0.5
star,66,6,-0.0846,-0.0951,-2.259,True,True,True,True,True,timeout,12.0001,5.4683,6.0,0.9114,0.7003,0.7003,0.2094,0.0782,0.041916,True,0.4518,0.8419,0,0.0,,3.961,4.792,7.296,0.0622,0.0696,4.633,0.20505,8.7122,120.114,834.3937,11.98,2,0.0,0.0,0.0,0,0.0,0.0,0.0,0,0.0,0.0,0.0,0,0.105,0.0,0.0,star_s2_d0.50_v0.5_e006,2,20969d4257e2c6cafb45167f1c374f74ffa8eb7245d3ec03c4253c0dc3a78ce4,42,v0.5
star,67,6,0.0427,-0.0918,3.209,True,True,True,True,True,timeout,12.0001,5.6505,6.0,0.9418,0.5903,0.5903,0.2048,0.0768,0.041679,True,0.4977,0.7717,0,0.0,,7.11,7.744,10.724,0.0647,0.0679,4.605,0.21624,7.3411,112.446,849.3595,11.98,2,0.0,0.0,0.0,0,100.045,2.0448,0.04,2,0.0,0.0,0.0,0,0.105,0.105,1.0,star_s2_d0.50_v0.5_e006,2,20969d4257e2c6cafb45167f1c374f74ffa8eb7245d3ec03c4253c0dc3a78ce4,42,v0.5
star,68,6,-0.0821,-0.0371,4.549,True,True,True,True,True,timeout,12.0001,5.6553,6.0,0.9425,0.3847,0.3915,0.2226,0.0757,0.04198,True,0.4608,0.8202,0,0.0,,6.65,7.784,11.573,0.0641,0.0666,4.567,0.22125,6.2327,183.231,847.9079,11.96,2,0.0,0.0,0.0,0,98.499,10.2588,0.18,2,0.0,0.0,0.0,0,0.105,0.105,1.0,star_s2_d0.50_v0.5_e006,2,20969d4257e2c6cafb45167f1c374f74ffa8eb7245d3ec03c4253c0dc3a78ce4,42,v0.5
star,69,6,-0.055,-0.0033,-2.018,True,True,True,True,True,timeout,12.0001,5.5039,6.0,0.9173,0.4581,0.4581,0.149,0.078,0.041877,True,0.4877,0.8468,0,0.0,,3.795,3.619,5.945,0.0616,0.07,4.594,0.20139,8.9626,109.015,831.957,11.98,2,0.0,0.0,0.0,0,0.0,0.0,0.0,0,0.0,0.0,0.0,0,0.105,0.0,0.0001,star_s2_d0.50_v0.5_e006,2,20969d4257e2c6cafb45167f1c374f74ffa8eb7245d3ec03c4253c0dc3a78ce4,42,v0.5
floating_ring,70,6,-0.0159,-0.0162,2.498,True,True,True,True,True,timeout,12.0001,5.4833,6.0,0.9139,0.2101,0.2137,0.0279,0.0867,0.041311,True,0.4662,0.6933,0,0.0,,6.92,14.916,20.679,0.0807,0.0641,4.678,0.24404,6.6852,141.115,849.7792,11.96,2,0.0,0.0,0.0,0,511.333,26.176,0.32,4,0.0,0.0,0.0,0,0.225,0.225,1.0,floating_ring_s2_d0.50_v0.5_e006,2,20969d4257e2c6cafb45167f1c374f74ffa8eb7245d3ec03c4253c0dc3a78ce4,42,v0.5
floating_ring,71,6,-0.0744,0.0856,0.07,True,True,True,True,True,timeout,12.0001,5.4506,6.0,0.9084,0.2861,0.2891,0.0399,0.0889,0.040905,True,0.4737,0.7795,0,0.0,,6.566,15.975,21.63,0.0835,0.0642,4.732,0.24019,6.5261,185.025,841.6776,11.98,2,0.0,0.0,0.0,0,85.072,14.992,0.28,2,0.0,0.0,0.0,0,0.225,0.225,1.0,floating_ring_s2_d0.50_v0.5_e006,2,20969d4257e2c6cafb45167f1c374f74ffa8eb7245d3ec03c4253c0dc3a78ce4,42,v0.5
floating_ring,72,6,0.047,-0.068,-4.806,True,True,True,True,True,timeout,12.0001,5.4237,6.0,0.904,0.0969,0.2259,0.1941,0.0933,0.041,True,0.4725,0.5355,0,0.0,,7.238,15.615,21.167,0.0868,0.0694,4.69,0.25129,6.6243,126.732,843.8055,11.98,2,0.0,0.0,0.0,0,134.304,43.7705,0.86,8,0.0,0.0,0.0,0,0.225,0.225,1.0,floating_ring_s2_d0.50_v0.5_e006,2,20969d4257e2c6cafb45167f1c374f74ffa8eb7245d3ec03c4253c0dc3a78ce4,42,v0.5
floating_ring,73,6,-0.0714,0.0935,-4.566,True,True,True,True,True,timeout,12.0001,5.4876,6.0,0.9146,0.36,0.3636,0.0805,0.0843,0.041312,True,0.4647,0.766,0,0.0,,6.668,16.575,21.599,0.0778,0.0633,4.719,0.24143,6.5325,191.378,842.005,11.96,2,0.0,0.0,0.0,0,162.871,28.1098,0.4,4,0.0,0.0,0.0,0,0.225,0.225,1.0,floating_ring_s2_d0.50_v0.5_e006,2,20969d4257e2c6cafb45167f1c374f74ffa8eb7245d3ec03c4253c0dc3a78ce4,42,v0.5
floating_ring,74,6,-0.0593,-0.0939,-1.302,True,True,True,True,True,timeout,12.0001,5.4999,6.0,0.9167,0.1424,0.1424,0.0201,0.0888,0.041174,True,0.4758,0.7581,0,0.0,,6.864,15.479,20.678,0.0828,0.0651,4.674,0.23997,6.4148,132.536,847.5934,11.96,2,0.0,0.0,0.0,0,260.754,26.893,0.56,7,0.0,0.0,0.0,0,0.225,0.225,1.0,floating_ring_s2_d0.50_v0.5_e006,2,20969d4257e2c6cafb45167f1c374f74ffa8eb7245d3ec03c4253c0dc3a78ce4,42,v0.5
floating_ring,75,6,0.0684,-0.0673,4.497,True,True,True,True,True,timeout,12.0001,5.4432,6.0,0.9072,0.1601,0.1849,0.1766,0.0898,0.040978,True,0.4779,0.577,0,0.0,,6.983,15.285,20.284,0.0855,0.0655,4.703,0.25474,6.8801,166.788,852.3303,11.98,2,0.0,0.0,0.0,0,101.989,21.774,0.56,5,0.0,0.0,0.0,0,0.225,0.225,1.0,floating_ring_s2_d0.50_v0.5_e006,2,20969d4257e2c6cafb45167f1c374f74ffa8eb7245d3ec03c4253c0dc3a78ce4,42,v0.5
floating_ring,76,6,-0.0335,0.0927,-3.233,True,True,True,True,True,timeout,12.0001,5.3797,6.0,0.8966,0.2402,0.2403,0.032,0.0915,0.041173,True,0.4661,0.6889,0,0.0,,7.016,15.759,21.345,0.0869,0.0637,4.682,0.23971,6.8843,203.831,840.4813,11.96,2,0.0,0.0,0.0,0,119.92,37.791,0.78,5,0.0,0.0,0.0,0,0.225,0.225,1.0,floating_ring_s2_d0.50_v0.5_e006,2,20969d4257e2c6cafb45167f1c374f74ffa8eb7245d3ec03c4253c0dc3a78ce4,42,v0.5
floating_ring,77,6,0.0465,0.0141,-3.536,True,True,True,True,True,timeout,12.0001,5.4151,6.0,0.9025,0.0219,0.1964,0.126,0.0923,0.040925,True,0.4598,0.5838,0,0.0,,7.167,15.243,20.233,0.086,0.0687,4.728,0.25751,6.5985,166.165,845.7296,11.98,2,0.0,0.0,0.0,0,113.753,36.7418,0.72,7,0.0,0.0,0.0,0,0.225,0.225,1.0,floating_ring_s2_d0.50_v0.5_e006,2,20969d4257e2c6cafb45167f1c374f74ffa8eb7245d3ec03c4253c0dc3a78ce4,42,v0.5
floating_ring,78,6,0.0782,-0.081,2.694,True,True,True,True,True,timeout,12.0001,5.3231,6.0,0.8872,0.1257,0.2076,0.0826,0.0972,0.040503,True,0.4354,0.4442,0,0.0,,7.297,15.795,21.388,0.0951,0.0682,4.719,0.25991,6.4386,168.761,841.0213,11.98,2,0.0,0.0,0.0,0,133.721,29.1561,0.48,6,0.0,0.0,0.0,0,0.225,0.225,1.0,floating_ring_s2_d0.50_v0.5_e006,2,20969d4257e2c6cafb45167f1c374f74ffa8eb7245d3ec03c4253c0dc3a78ce4,42,v0.5
floating_ring,79,6,0.0733,-0.0386,1.395,True,True,True,True,True,timeout,12.0001,5.3152,6.0,0.8859,0.1237,0.2044,0.0849,0.0984,0.040607,True,0.4291,0.424,0,0.0,,7.362,15.904,21.468,0.0964,0.0692,4.719,0.26059,6.5017,195.352,842.6646,11.98,2,0.0,0.0,0.0,0,130.616,26.7477,0.48,8,0.0,0.0,0.0,0,0.225,0.225,1.0,floating_ring_s2_d0.50_v0.5_e006,2,20969d4257e2c6cafb45167f1c374f74ffa8eb7245d3ec03c4253c0dc3a78ce4,42,v0.5
repeated_boxes,80,6,-0.0816,0.0646,3.971,True,True,True,True,True,timeout,12.0001,5.4733,6.0,0.9122,0.5459,0.5459,0.1393,0.0802,0.041866,True,0.4548,0.819,0,0.0,,4.012,6.217,8.551,0.0624,0.0722,4.562,0.21643,6.3206,153.673,839.8498,11.96,2,0.0,0.0,0.0,0,52.694,5.953,0.22,2,0.0,0.0,0.0,0,0.084,0.0638,0.7593,repeated_boxes_s2_d0.50_v0.5_e006,2,20969d4257e2c6cafb45167f1c374f74ffa8eb7245d3ec03c4253c0dc3a78ce4,42,v0.5
repeated_boxes,81,6,-0.0877,-0.0152,3.833,True,True,True,True,True,timeout,12.0001,5.4784,6.0,0.9131,0.4804,0.4804,0.1556,0.0788,0.041727,True,0.4726,0.6978,0,0.0,,3.131,6.148,8.69,0.0645,0.0694,4.641,0.22307,6.6674,127.516,840.6189,11.98,2,0.0,0.0,0.0,0,35.179,2.5346,0.1,1,0.0,0.0,0.0,0,0.0837,0.0669,0.8001,repeated_boxes_s2_d0.50_v0.5_e006,2,20969d4257e2c6cafb45167f1c374f74ffa8eb7245d3ec03c4253c0dc3a78ce4,42,v0.5
repeated_boxes,82,6,0.0269,-0.0654,0.854,True,True,True,True,True,timeout,12.0001,5.4058,6.0,0.901,0.5114,0.5114,0.1881,0.081,0.041985,True,0.4841,0.7155,0,0.0,,3.099,6.341,8.951,0.0682,0.0674,4.591,0.21327,6.172,135.563,833.7812,11.96,2,0.0,0.0,0.0,0,86.514,19.2337,0.58,3,0.0,0.0,0.0,0,0.0837,0.0702,0.8387,repeated_boxes_s2_d0.50_v0.5_e006,2,20969d4257e2c6cafb45167f1c374f74ffa8eb7245d3ec03c4253c0dc3a78ce4,42,v0.5
repeated_boxes,83,6,0.0586,0.0819,0.098,True,True,True,True,True,timeout,12.0001,5.4693,6.0,0.9116,0.2362,0.2387,0.0325,0.0792,0.041985,True,0.465,0.8395,0,0.0,,3.139,4.763,7.465,0.064,0.0696,4.574,0.21828,7.0427,115.307,823.9036,11.96,2,0.0,0.0,0.0,0,51.292,3.8698,0.16,2,0.0,0.0,0.0,0,0.0825,0.0727,0.8809,repeated_boxes_s2_d0.50_v0.5_e006,2,20969d4257e2c6cafb45167f1c374f74ffa8eb7245d3ec03c4253c0dc3a78ce4,42,v0.5
repeated_boxes,84,6,0.0473,0.0734,3.138,True,True,True,True,True,timeout,12.0001,5.4791,6.0,0.9132,0.5173,0.5173,0.2113,0.0808,0.0419,True,0.4447,0.813,0,0.0,,3.947,6.466,8.57,0.0642,0.0716,4.544,0.21282,5.6504,208.811,842.4232,11.96,2,0.0,0.0,0.0,0,81.094,12.2646,0.24,3,0.0,0.0,0.0,0,0.0832,0.0647,0.7784,repeated_boxes_s2_d0.50_v0.5_e006,2,20969d4257e2c6cafb45167f1c374f74ffa8eb7245d3ec03c4253c0dc3a78ce4,42,v0.5
repeated_boxes,85,6,-0.0219,0.0424,-1.968,True,True,True,True,True,timeout,12.0001,5.4437,6.0,0.9073,0.4243,0.4244,0.1469,0.081,0.041898,True,0.4513,0.7873,0,0.0,,3.454,7.491,10.142,0.065,0.0719,4.613,0.22085,7.0058,140.348,828.3538,11.96,2,0.0,0.0,0.0,0,54.67,12.5173,0.42,2,0.0,0.0,0.0,0,0.0836,0.06,0.7175,repeated_boxes_s2_d0.50_v0.5_e006,2,20969d4257e2c6cafb45167f1c374f74ffa8eb7245d3ec03c4253c0dc3a78ce4,42,v0.5
repeated_boxes,86,6,0.0148,-0.0805,-4.058,True,True,True,True,True,timeout,12.0001,5.4613,6.0,0.9102,0.3591,0.3591,0.1668,0.0776,0.041932,True,0.4874,0.7762,0,0.0,,3.028,7.666,9.87,0.0636,0.0663,4.632,0.2137,7.11,159.035,824.8683,11.96,2,0.0,0.0,0.0,0,0.0,0.0,0.0,0,0.0,0.0,0.0,0,0.0837,0.06,0.7166,repeated_boxes_s2_d0.50_v0.5_e006,2,20969d4257e2c6cafb45167f1c374f74ffa8eb7245d3ec03c4253c0dc3a78ce4,42,v0.5
repeated_boxes,87,6,0.0645,-0.0173,-1.237,True,True,True,True,True,timeout,12.0001,5.4786,6.0,0.9131,0.1613,0.1613,0.0432,0.0768,0.042059,True,0.477,0.8372,0,0.0,,2.72,4.648,7.273,0.0638,0.0653,4.589,0.21247,6.9186,116.52,817.6176,11.96,2,0.0,0.0,0.0,0,77.373,2.6111,0.06,1,0.0,0.0,0.0,0,0.0841,0.06,0.7132,repeated_boxes_s2_d0.50_v0.5_e006,2,20969d4257e2c6cafb45167f1c374f74ffa8eb7245d3ec03c4253c0dc3a78ce4,42,v0.5
repeated_boxes,88,6,0.079,0.0036,-0.224,True,True,True,True,True,timeout,12.0001,5.47,6.0,0.9117,0.2969,0.2969,0.0618,0.0797,0.042024,True,0.4697,0.8478,0,0.0,,3.262,4.699,7.348,0.0637,0.0708,4.546,0.21582,6.912,191.686,828.4504,11.96,2,0.0,0.0,0.0,0,26.07,1.5724,0.08,2,0.0,0.0,0.0,0,0.084,0.06,0.7144,repeated_boxes_s2_d0.50_v0.5_e006,2,20969d4257e2c6cafb45167f1c374f74ffa8eb7245d3ec03c4253c0dc3a78ce4,42,v0.5
repeated_boxes,89,6,-0.0694,-0.0047,-1.727,True,True,True,True,True,timeout,12.0001,5.4857,6.0,0.9143,0.256,0.2631,0.1138,0.0768,0.041979,True,0.4667,0.8331,0,0.0,,3.068,5.274,7.874,0.063,0.0659,4.605,0.21159,7.3753,106.639,817.4179,11.98,2,0.0,0.0,0.0,0,0.0,0.0,0.0,0,0.0,0.0,0.0,0,0.0837,0.06,0.717,repeated_boxes_s2_d0.50_v0.5_e006,2,20969d4257e2c6cafb45167f1c374f74ffa8eb7245d3ec03c4253c0dc3a78ce4,42,v0.5
repeated_cylinders,90,6,-0.0784,-0.057,-2.365,True,True,True,True,True,timeout,12.0001,5.4547,6.0,0.9091,0.2079,0.2079,0.1151,0.0787,0.041961,True,0.4294,0.6597,0,0.0,,3.217,5.181,8.195,0.0659,0.0659,4.593,0.21726,7.345,126.664,826.2287,11.96,2,0.0,0.0,0.0,0,37.683,3.4317,0.12,2,0.0,0.0,0.0,0,0.0672,0.0611,0.9093,repeated_cylinders_s2_d0.50_v0.5_e006,2,20969d4257e2c6cafb45167f1c374f74ffa8eb7245d3ec03c4253c0dc3a78ce4,42,v0.5
repeated_cylinders,91,6,0.0458,-0.0098,-4.537,True,True,True,True,True,timeout,12.0001,5.4617,6.0,0.9103,0.4082,0.4082,0.1275,0.0828,0.04172,True,0.4789,0.8242,0,0.0,,3.579,4.788,7.384,0.0649,0.073,4.618,0.21926,6.8553,172.618,836.1312,11.96,2,0.0,0.0,0.0,0,53.691,2.534,0.06,1,0.0,0.0,0.0,0,0.0687,0.0625,0.9094,repeated_cylinders_s2_d0.50_v0.5_e006,2,20969d4257e2c6cafb45167f1c374f74ffa8eb7245d3ec03c4253c0dc3a78ce4,42,v0.5
repeated_cylinders,92,6,-0.0412,-0.0303,2.396,True,True,True,True,True,timeout,12.0001,5.4548,6.0,0.9091,0.0894,0.1783,0.1311,0.0793,0.041749,True,0.4513,0.7597,0,0.0,,3.061,8.371,11.277,0.066,0.0673,4.687,0.23373,6.6725,112.623,837.1383,11.98,2,0.0,0.0,0.0,0,100.061,26.7378,0.52,2,0.0,0.0,0.0,0,0.0665,0.06,0.903,repeated_cylinders_s2_d0.50_v0.5_e006,2,20969d4257e2c6cafb45167f1c374f74ffa8eb7245d3ec03c4253c0dc3a78ce4,42,v0.5
repeated_cylinders,93,6,-0.0174,-0.0413,3.377,True,True,True,True,True,timeout,12.0001,5.4442,6.0,0.9074,0.2558,0.2626,0.1392,0.0803,0.041934,True,0.479,0.7924,0,0.0,,3.027,7.654,10.68,0.0654,0.0684,4.586,0.2141,7.1139,155.194,829.3226,11.96,2,0.0,0.0,0.0,0,65.345,9.8261,0.28,3,0.0,0.0,0.0,0,0.0672,0.06,0.8928,repeated_cylinders_s2_d0.50_v0.5_e006,2,20969d4257e2c6cafb45167f1c374f74ffa8eb7245d3ec03c4253c0dc3a78ce4,42,v0.5
repeated_cylinders,94,6,-0.0622,0.0869,0.027,True,True,True,True,True,timeout,12.0001,5.4699,6.0,0.9117,0.307,0.307,0.1168,0.0809,0.041712,True,0.474,0.774,0,0.0,,3.047,8.341,11.26,0.0648,0.07,4.683,0.21929,7.3332,116.071,835.6916,11.98,2,0.0,0.0,0.0,0,63.489,4.8976,0.14,2,0.0,0.0,0.0,0,0.0672,0.0617,0.9178,repeated_cylinders_s2_d0.50_v0.5_e006,2,20969d4257e2c6cafb45167f1c374f74ffa8eb7245d3ec03c4253c0dc3a78ce4,42,v0.5
repeated_cylinders,95,6,0.0982,0.0508,-3.466,True,True,True,True,True,timeout,12.0001,5.4744,6.0,0.9124,0.1454,0.1463,0.0989,0.0795,0.041858,True,0.4607,0.7001,0,0.0,,2.949,5.064,8.058,0.0647,0.0676,4.674,0.21931,7.6772,178.694,831.4363,11.96,2,0.0,0.0,0.0,0,39.618,7.1782,0.22,1,0.0,0.0,0.0,0,0.0672,0.06,0.8931,repeated_cylinders_s2_d0.50_v0.5_e006,2,20969d4257e2c6cafb45167f1c374f74ffa8eb7245d3ec03c4253c0dc3a78ce4,42,v0.5
repeated_cylinders,96,6,0.0671,-0.0275,-4.405,True,True,True,True,True,timeout,12.0001,5.4365,6.0,0.9061,0.3831,0.3847,0.096,0.0809,0.041935,True,0.4701,0.6499,0,0.0,,3.063,4.797,7.37,0.067,0.0702,4.657,0.21918,6.9523,185.766,834.0031,11.96,2,0.0,0.0,0.0,0,53.689,11.0962,0.34,3,0.0,0.0,0.0,0,0.069,0.0624,0.9043,repeated_cylinders_s2_d0.50_v0.5_e006,2,20969d4257e2c6cafb45167f1c374f74ffa8eb7245d3ec03c4253c0dc3a78ce4,42,v0.5
repeated_cylinders,97,6,0.0532,0.064,3.712,True,True,True,True,True,timeout,12.0001,5.397,6.0,0.8995,0.6014,0.6014,0.214,0.082,0.04177,True,0.4763,0.8072,0,0.0,,3.523,5.553,8.38,0.0661,0.0712,4.594,0.21395,6.6699,155.3,829.3488,11.98,2,0.0,0.0,0.0,0,89.045,22.0101,0.54,2,0.0,0.0,0.0,0,0.0672,0.06,0.8923,repeated_cylinders_s2_d0.50_v0.5_e006,2,20969d4257e2c6cafb45167f1c374f74ffa8eb7245d3ec03c4253c0dc3a78ce4,42,v0.5
repeated_cylinders,98,6,-0.0842,-0.0481,1.547,True,True,True,True,True,timeout,12.0001,5.4682,6.0,0.9114,0.4294,0.4294,0.1255,0.0813,0.041662,True,0.452,0.7628,0,0.0,,3.151,6.092,9.083,0.0644,0.072,4.714,0.22,6.8906,166.185,833.3004,11.98,2,0.0,0.0,0.0,0,51.432,8.6938,0.24,2,0.0,0.0,0.0,0,0.0671,0.0615,0.9158,repeated_cylinders_s2_d0.50_v0.5_e006,2,20969d4257e2c6cafb45167f1c374f74ffa8eb7245d3ec03c4253c0dc3a78ce4,42,v0.5
repeated_cylinders,99,6,-0.0574,-0.0199,3.195,True,True,True,True,True,timeout,12.0001,5.4827,6.0,0.9138,0.3583,0.359,0.151,0.0793,0.041982,True,0.4833,0.7867,0,0.0,,3.095,8.473,11.391,0.0639,0.069,4.579,0.21105,7.1409,122.152,833.6387,11.96,2,0.0,0.0,0.0,0,53.698,1.3612,0.04,1,0.0,0.0,0.0,0,0.0672,0.06,0.8929,repeated_cylinders_s2_d0.50_v0.5_e006,2,20969d4257e2c6cafb45167f1c374f74ffa8eb7245d3ec03c4253c0dc3a78ce4,42,v0.5
gap,33,7,0.0306,0.03,3.282,True,True,True,True,True,timeout,12.0001,5.4876,6.0,0.9146,0.2668,0.2717,0.2319,0.1119,0.039089,True,0.4426,1.2176,0,0.0,,8.278,9.573,9.573,0.1319,0.0715,5.065,0.27323,7.3824,182.752,859.9346,11.94,3,147.751,2.955,0.02,1,209.418,49.843,0.74,2,0.0,0.0,0.0,0,0.0,0.0,,gap_s2_d0.50_v0.5_e007,2,20969d4257e2c6cafb45167f1c374f74ffa8eb7245d3ec03c4253c0dc3a78ce4,42,v0.5
gap,30,7,-0.0334,-0.0403,-1.113,True,True,True,True,True,timeout,12.0001,5.7818,6.0,0.9636,0.4855,0.4855,0.3351,0.09,0.040662,True,0.4657,1.2906,0,0.0,,6.03,5.883,5.883,0.0898,0.0668,4.919,0.26198,6.2898,226.59,848.6336,11.94,1,0.0,0.0,0.0,0,707.991,44.3592,0.58,2,169.658,3.3932,0.02,1,0.0,0.0,,gap_s2_d0.50_v0.5_e007,2,20969d4257e2c6cafb45167f1c374f74ffa8eb7245d3ec03c4253c0dc3a78ce4,42,v0.5
gap,35,7,-0.0402,0.0863,3.57,True,True,True,True,True,timeout,12.0001,5.7281,6.0,0.9547,0.2899,0.3484,0.3239,0.0973,0.039752,True,0.4285,1.4459,0,0.0,,7.596,7.587,7.587,0.0965,0.0726,4.98,0.27217,7.2096,192.288,861.4797,11.96,2,48.125,1.591,0.06,3,478.117,40.7033,0.56,3,0.0,0.0,0.0,0,0.0,0.0,,gap_s2_d0.50_v0.5_e007,2,20969d4257e2c6cafb45167f1c374f74ffa8eb7245d3ec03c4253c0dc3a78ce4,42,v0.5
gap,38,7,0.0572,0.0229,-2.267,True,True,True,True,True,timeout,12.0001,5.7646,6.0,0.9608,0.224,0.224,0.0489,0.0925,0.040609,True,0.4691,1.4335,0,0.0,,7.613,5.674,5.674,0.0942,0.0686,4.938,0.24961,7.442,133.164,847.8375,11.96,2,38.67,0.7734,0.02,1,138.871,31.264,0.52,1,0.0,0.0,0.0,0,0.0,0.0,,gap_s2_d0.50_v0.5_e007,2,20969d4257e2c6cafb45167f1c374f74ffa8eb7245d3ec03c4253c0dc3a78ce4,42,v0.5
stepping_stones,22,7,0.0384,-0.062,-1.208,False,False,False,True,False,base_contact,2.66,0.9774,6.0,0.1629,0.0072,0.0646,,0.1464,0.034481,False,,0.5079,16,750.722,0.0,14.371,18.923,33.57,0.168,0.076,5.126,0.2974,1.1425,262.634,191.7089,2.52,2,144.566,10.8421,0.16,4,98.434,19.4492,0.54,5,750.722,31.1243,0.32,3,1.0445,0.01,0.0096,stepping_stones_s2_d0.50_v0.5_e007,2,20969d4257e2c6cafb45167f1c374f74ffa8eb7245d3ec03c4253c0dc3a78ce4,42,v0.5
stepping_stones,21,9,-0.0285,0.0666,-4.004,False,True,False,False,False,timeout,12.0001,1.2372,6.0,0.2062,0.3933,0.3988,,0.4171,0.025821,False,,-1.1118,26,114.435,3.38,33.046,15.969,28.556,0.4417,0.0945,5.829,0.20161,2.7292,286.324,291.6935,3.84,2,1415.749,996.5184,8.46,4,155.039,28.0547,0.8,9,128.43,13.1776,0.54,3,1.115,1.01,0.9058,stepping_stones_s2_d0.50_v0.5_e009,2,20969d4257e2c6cafb45167f1c374f74ffa8eb7245d3ec03c4253c0dc3a78ce4,42,v0.5
gap,31,8,-0.0186,-0.0526,-3.913,True,True,True,True,True,timeout,12.0001,5.7953,6.0,0.9659,0.0485,0.1673,0.1326,0.0889,0.040919,True,0.4254,1.4668,0,0.0,,6.344,5.2,5.2,0.0888,0.0653,4.886,0.25766,6.7018,168.471,843.2849,11.94,1,0.0,0.0,0.0,0,535.171,36.6261,0.58,2,54.986,1.0997,0.02,1,0.0,0.0,,gap_s2_d0.50_v0.5_e008,2,20969d4257e2c6cafb45167f1c374f74ffa8eb7245d3ec03c4253c0dc3a78ce4,42,v0.5
stepping_stones,27,7,-0.0423,0.0995,4.568,False,True,False,False,False,timeout,12.0001,1.4321,6.0,0.2387,0.1893,0.1894,,0.3869,0.026989,False,,-0.1217,430,540.143,3.28,47.35,27.069,36.955,0.4096,0.0882,5.464,0.20809,1.9476,303.527,922.4922,11.86,2,1030.395,2917.4863,8.6,6,230.937,1187.1093,9.2,7,540.143,2666.3542,8.6,2,1.115,1.01,0.9058,stepping_stones_s2_d0.50_v0.5_e007,2,20969d4257e2c6cafb45167f1c374f74ffa8eb7245d3ec03c4253c0dc3a78ce4,42,v0.5
gap,35,8,0.0944,0.038,-0.818,False,False,False,False,False,base_contact,2.3,0.366,6.0,0.061,0.6189,0.6189,,0.4585,-0.003358,False,,,17,1081.452,1.66,176.813,29.056,29.056,0.4429,0.2853,8.704,0.92591,0.9486,314.777,130.4187,1.54,4,220.513,31.229,0.44,3,969.23,67.2891,0.62,3,1081.452,46.2468,0.34,1,0.0,0.0,,gap_s2_d0.50_v0.5_e008,2,20969d4257e2c6cafb45167f1c374f74ffa8eb7245d3ec03c4253c0dc3a78ce4,42,v0.5
stepping_stones,20,9,0.0536,0.08,-0.24,False,True,False,False,False,timeout,12.0001,1.159,6.0,0.1932,0.2749,0.278,,0.4096,0.025724,False,,-0.2264,448,976.288,2.74,31.074,40.537,55.838,0.4323,0.0629,6.36,0.16253,1.9158,323.275,600.2869,11.82,3,202.884,986.0263,9.18,3,315.701,42.7748,0.56,3,976.288,1211.1967,8.96,2,1.11,0.4491,0.4046,stepping_stones_s2_d0.50_v0.5_e009,2,20969d4257e2c6cafb45167f1c374f74ffa8eb7245d3ec03c4253c0dc3a78ce4,42,v0.5
gap,34,9,-0.0182,-0.0885,-1.551,True,True,True,True,True,timeout,12.0001,5.7118,6.0,0.952,0.1148,0.1657,0.085,0.0955,0.04034,True,0.4214,1.5764,0,0.0,,7.169,8.243,8.243,0.1017,0.0666,4.972,0.26433,6.9912,203.579,838.4017,11.96,2,0.0,0.0,0.0,0,336.529,53.8078,0.78,2,0.0,0.0,0.0,0,0.0,0.0,,gap_s2_d0.50_v0.5_e009,2,20969d4257e2c6cafb45167f1c374f74ffa8eb7245d3ec03c4253c0dc3a78ce4,42,v0.5
stepping_stones,23,7,0.0836,0.0672,-2.682,False,True,False,False,False,timeout,12.0001,1.1389,6.0,0.1898,0.4027,0.4045,,0.4275,0.024179,False,,-0.7865,2,88.515,3.34,46.204,29.737,24.221,0.4449,0.1119,5.813,0.22441,3.3026,299.709,587.9651,11.78,3,1229.511,966.8253,8.32,6,367.26,132.9202,8.94,14,88.515,2.5136,0.04,1,1.11,1.01,0.9099,stepping_stones_s2_d0.50_v0.5_e007,2,20969d4257e2c6cafb45167f1c374f74ffa8eb7245d3ec03c4253c0dc3a78ce4,42,v0.5
stepping_stones,28,8,0.0293,-0.0031,0.956,False,True,False,False,False,timeout,12.0001,1.1163,6.0,0.186,0.3349,0.3899,,0.4166,0.022886,False,,-0.6425,250,808.425,3.78,90.009,22.489,45.31,0.4332,0.1212,4.923,0.31353,3.1485,316.377,497.7433,11.36,6,1025.78,316.6307,3.86,6,456.371,103.617,1.58,10,808.425,271.7719,5.0,6,1.11,1.01,0.9099,stepping_stones_s2_d0.50_v0.5_e008,2,20969d4257e2c6cafb45167f1c374f74ffa8eb7245d3ec03c4253c0dc3a78ce4,42,v0.5
stepping_stones,22,8,-0.0632,0.0526,-4.613,False,False,False,True,False,base_contact,4.68,1.7082,6.0,0.2847,0.398,0.398,,0.2123,0.03179,False,,0.038,1,43.471,0.0,19.074,6.689,24.398,0.1981,0.1795,5.619,0.35627,2.3557,273.557,364.0898,4.52,3,359.513,15.3425,0.12,4,121.873,38.5816,1.04,7,92.982,1.8596,0.02,1,1.115,1.01,0.9058,stepping_stones_s2_d0.50_v0.5_e008,2,20969d4257e2c6cafb45167f1c374f74ffa8eb7245d3ec03c4253c0dc3a78ce4,42,v0.5
stepping_stones,24,8,-0.0971,0.0667,4.451,False,True,False,False,False,timeout,12.0001,1.4409,6.0,0.2402,0.0681,0.0865,,0.3948,0.02782,False,,-0.0462,426,1506.698,3.48,10.626,15.444,26.876,0.4295,0.0345,5.197,0.16072,2.603,308.698,699.3711,11.86,2,199.741,157.6792,7.9,3,163.472,110.3848,8.3,10,1506.698,610.2346,8.54,2,1.115,0.9896,0.8875,stepping_stones_s2_d0.50_v0.5_e008,2,20969d4257e2c6cafb45167f1c374f74ffa8eb7245d3ec03c4253c0dc3a78ce4,42,v0.5
stepping_stones,25,10,0.0419,-0.0068,1.743,False,True,False,False,False,timeout,12.0001,1.6112,6.0,0.2685,0.4176,0.4178,,0.3929,0.025864,False,,-0.1887,386,1149.035,0.0,24.392,10.04,23.182,0.4114,0.1189,6.303,0.27165,2.553,279.949,551.6455,11.68,4,328.49,1216.5546,7.84,5,262.003,189.5752,8.58,9,1149.035,430.413,7.72,2,1.11,0.9858,0.8881,stepping_stones_s2_d0.50_v0.5_e010,2,20969d4257e2c6cafb45167f1c374f74ffa8eb7245d3ec03c4253c0dc3a78ce4,42,v0.5
stepping_stones,28,9,0.0016,-0.0451,0.595,False,False,False,True,False,base_contact,5.72,2.2754,6.0,0.3792,0.2075,0.2075,,0.1869,0.029693,False,,-0.1552,3,623.076,0.0,14.872,8.989,23.65,0.197,0.1273,6.615,0.45749,3.1686,353.59,441.0389,5.56,3,159.555,51.262,0.72,6,428.466,158.2581,2.56,15,623.076,13.9807,0.06,2,1.11,1.0058,0.9061,stepping_stones_s2_d0.50_v0.5_e009,2,20969d4257e2c6cafb45167f1c374f74ffa8eb7245d3ec03c4253c0dc3a78ce4,42,v0.5
discrete_obstacles,0,7,0.0179,-0.0389,-4.771,True,True,True,True,True,timeout,12.0001,5.437,6.0,0.9062,0.4826,0.4826,0.1547,0.0807,0.040957,True,0.4419,0.7155,0,0.0,,4.477,9.602,11.698,0.0782,0.0659,4.739,0.23475,6.5164,242.206,837.8562,11.86,2,0.0,0.0,0.0,0,0.0,0.0,0.0,0,0.0,0.0,0.0,0,0.155,0.155,1.0,discrete_obstacles_s2_d0.50_v0.5_e007,2,20969d4257e2c6cafb45167f1c374f74ffa8eb7245d3ec03c4253c0dc3a78ce4,42,v0.5
discrete_obstacles,1,7,0.0938,-0.0502,-3.167,True,True,True,True,True,timeout,12.0001,5.439,6.0,0.9065,0.039,0.0441,0.0096,0.0809,0.040937,True,0.4689,0.6991,0,0.0,,6.825,7.965,10.54,0.0785,0.0655,4.716,0.2336,6.7951,296.11,830.2643,11.86,2,0.0,0.0,0.0,0,117.165,5.4587,0.1,1,0.0,0.0,0.0,0,0.155,0.1413,0.9115,discrete_obstacles_s2_d0.50_v0.5_e007,2,20969d4257e2c6cafb45167f1c374f74ffa8eb7245d3ec03c4253c0dc3a78ce4,42,v0.5
discrete_obstacles,2,7,0.0389,-0.093,3.267,True,True,True,True,True,timeout,12.0001,5.469,6.0,0.9115,0.3441,0.3462,0.1048,0.0803,0.040952,True,0.4507,0.7035,0,0.0,,2.932,6.244,6.405,0.076,0.0664,4.709,0.22532,7.6187,293.407,836.8091,11.86,2,0.0,0.0,0.0,0,0.0,0.0,0.0,0,0.0,0.0,0.0,0,0.21,0.05,0.2381,discrete_obstacles_s2_d0.50_v0.5_e007,2,20969d4257e2c6cafb45167f1c374f74ffa8eb7245d3ec03c4253c0dc3a78ce4,42,v0.5
discrete_obstacles,3,7,0.0482,-0.0073,-2.299,True,True,True,True,True,timeout,12.0001,5.4817,6.0,0.9136,0.4978,0.4979,0.1839,0.0829,0.040888,True,0.4497,0.6807,0,0.0,,3.399,5.89,6.939,0.0788,0.0669,4.816,0.23281,7.8738,337.474,842.0153,11.86,2,0.0,0.0,0.0,0,0.0,0.0,0.0,0,0.0,0.0,0.0,0,0.155,0.05,0.3226,discrete_obstacles_s2_d0.50_v0.5_e007,2,20969d4257e2c6cafb45167f1c374f74ffa8eb7245d3ec03c4253c0dc3a78ce4,42,v0.5
discrete_obstacles,4,7,-0.0327,0.0036,2.095,True,True,True,True,True,timeout,12.0001,5.4598,6.0,0.91,0.501,0.501,0.1903,0.0795,0.041405,True,0.4853,0.8486,0,0.0,,3.207,3.884,4.903,0.0737,0.0677,4.614,0.2227,8.1411,355.966,820.4446,11.86,2,0.0,0.0,0.0,0,0.0,0.0,0.0,0,0.0,0.0,0.0,0,0.21,0.05,0.2381,discrete_obstacles_s2_d0.50_v0.5_e007,2,20969d4257e2c6cafb45167f1c374f74ffa8eb7245d3ec03c4253c0dc3a78ce4,42,v0.5
discrete_obstacles,5,7,-0.0411,-0.0751,-1.086,True,True,True,True,True,timeout,12.0001,5.4592,6.0,0.9099,0.265,0.2684,0.0546,0.0779,0.040832,True,0.428,0.7333,0,0.0,,5.238,8.625,10.184,0.0771,0.0629,4.732,0.23234,7.053,290.199,834.4224,11.88,2,0.0,0.0,0.0,0,0.0,0.0,0.0,0,0.0,0.0,0.0,0,0.155,0.05,0.3226,discrete_obstacles_s2_d0.50_v0.5_e007,2,20969d4257e2c6cafb45167f1c374f74ffa8eb7245d3ec03c4253c0dc3a78ce4,42,v0.5
discrete_obstacles,6,7,0.0631,0.0194,2.467,True,True,True,True,True,timeout,12.0001,5.4315,6.0,0.9052,0.6115,0.6115,0.2093,0.0816,0.04085,True,0.4409,0.8287,0,0.0,,3.277,5.924,5.828,0.075,0.0688,4.639,0.21969,6.8475,377.002,823.9921,11.88,2,0.0,0.0,0.0,0,0.0,0.0,0.0,0,0.0,0.0,0.0,0,0.21,0.05,0.2381,discrete_obstacles_s2_d0.50_v0.5_e007,2,20969d4257e2c6cafb45167f1c374f74ffa8eb7245d3ec03c4253c0dc3a78ce4,42,v0.5
discrete_obstacles,7,7,0.0531,-0.0797,-4.724,True,True,True,True,True,timeout,12.0001,5.3952,6.0,0.8992,0.7342,0.7342,0.2653,0.082,0.040544,True,0.4596,0.7142,0,0.0,,3.265,8.758,11.14,0.0793,0.0668,4.724,0.25107,6.409,278.831,836.2747,11.86,2,0.0,0.0,0.0,0,107.597,18.9971,0.44,5,0.0,0.0,0.0,0,0.155,0.1368,0.8826,discrete_obstacles_s2_d0.50_v0.5_e007,2,20969d4257e2c6cafb45167f1c374f74ffa8eb7245d3ec03c4253c0dc3a78ce4,42,v0.5
discrete_obstacles,8,7,0.0334,-0.0718,-0.786,True,True,True,True,True,timeout,12.0001,5.4274,6.0,0.9046,0.6303,0.6303,0.2684,0.0822,0.04099,True,0.4589,0.6884,0,0.0,,3.575,6.394,7.393,0.0777,0.0674,4.692,0.22324,8.0596,299.866,835.6725,11.86,2,0.0,0.0,0.0,0,0.0,0.0,0.0,0,0.0,0.0,0.0,0,0.21,0.05,0.2381,discrete_obstacles_s2_d0.50_v0.5_e007,2,20969d4257e2c6cafb45167f1c374f74ffa8eb7245d3ec03c4253c0dc3a78ce4,42,v0.5
discrete_obstacles,9,7,-0.0581,-0.0559,-0.564,True,True,True,True,True,timeout,12.0001,5.4567,6.0,0.9095,0.5755,0.5755,0.1723,0.0786,0.040761,True,0.442,0.7012,0,0.0,,3.342,9.079,10.448,0.0772,0.0631,4.806,0.24182,7.5899,247.863,848.7524,11.88,2,0.0,0.0,0.0,0,0.0,0.0,0.0,0,0.0,0.0,0.0,0,0.21,0.05,0.2381,discrete_obstacles_s2_d0.50_v0.5_e007,2,20969d4257e2c6cafb45167f1c374f74ffa8eb7245d3ec03c4253c0dc3a78ce4,42,v0.5
wave,10,7,0.0973,0.0096,-1.878,True,True,True,True,True,timeout,12.0001,5.4735,6.0,0.9123,0.3207,0.3207,0.0584,0.0776,0.041906,True,0.4878,-0.063,0,0.0,,3.518,6.734,9.164,0.0704,0.0659,4.575,0.20671,7.9424,171.568,829.4655,11.94,2,0.0,0.0,0.0,0,0.0,0.0,0.0,0,0.0,0.0,0.0,0,0.1251,0.0713,0.5698,wave_s2_d0.50_v0.5_e007,2,20969d4257e2c6cafb45167f1c374f74ffa8eb7245d3ec03c4253c0dc3a78ce4,42,v0.5
wave,11,7,-0.0708,0.056,-2.638,True,True,True,True,True,timeout,12.0001,5.4958,6.0,0.916,0.4627,0.4627,0.1458,0.0774,0.04174,True,0.4935,-0.0717,0,0.0,,3.559,6.771,9.325,0.0707,0.0666,4.605,0.20917,7.3572,356.928,835.1516,11.92,2,0.0,0.0,0.0,0,0.0,0.0,0.0,0,0.0,0.0,0.0,0,0.1192,0.07,0.5872,wave_s2_d0.50_v0.5_e007,2,20969d4257e2c6cafb45167f1c374f74ffa8eb7245d3ec03c4253c0dc3a78ce4,42,v0.5
wave,12,7,-0.0157,0.0076,0.679,True,True,True,True,True,timeout,12.0001,5.4861,6.0,0.9144,0.3811,0.3816,0.1122,0.0769,0.041749,True,0.4864,-0.0779,0,0.0,,3.649,6.669,9.253,0.0714,0.0655,4.604,0.21128,7.4036,371.793,832.9523,11.92,2,0.0,0.0,0.0,0,0.0,0.0,0.0,0,0.0,0.0,0.0,0,0.1303,0.0754,0.5789,wave_s2_d0.50_v0.5_e007,2,20969d4257e2c6cafb45167f1c374f74ffa8eb7245d3ec03c4253c0dc3a78ce4,42,v0.5
wave,13,7,0.0271,0.0159,-1.284,True,True,True,True,True,timeout,12.0001,5.4945,6.0,0.9158,0.2985,0.2985,0.0627,0.0764,0.041727,True,0.4867,0.0,0,0.0,,3.772,6.399,8.83,0.0703,0.0653,4.614,0.21146,7.8146,298.519,828.5378,11.94,2,0.0,0.0,0.0,0,0.0,0.0,0.0,0,0.0,0.0,0.0,0,0.1239,0.0708,0.5718,wave_s2_d0.50_v0.5_e007,2,20969d4257e2c6cafb45167f1c374f74ffa8eb7245d3ec03c4253c0dc3a78ce4,42,v0.5
wave,14,7,0.1,-0.0839,1.072,True,True,True,True,True,timeout,12.0001,5.4783,6.0,0.9131,0.2737,0.2779,0.0468,0.0785,0.041867,True,0.4988,-0.0685,0,0.0,,4.005,6.595,9.114,0.0707,0.0671,4.614,0.21019,7.4364,351.481,832.8894,11.94,2,0.0,0.0,0.0,0,0.0,0.0,0.0,0,0.0,0.0,0.0,0,0.13,0.074,0.569,wave_s2_d0.50_v0.5_e007,2,20969d4257e2c6cafb45167f1c374f74ffa8eb7245d3ec03c4253c0dc3a78ce4,42,v0.5
wave,15,7,0.0149,0.0595,1.558,True,True,True,True,True,timeout,12.0001,5.516,6.0,0.9193,0.3666,0.3666,0.1023,0.0767,0.041863,True,0.4961,-0.0784,0,0.0,,3.769,6.468,9.045,0.0697,0.0666,4.584,0.21199,7.932,291.107,830.5796,11.92,2,0.0,0.0,0.0,0,0.0,0.0,0.0,0,0.0,0.0,0.0,0,0.1379,0.0801,0.5808,wave_s2_d0.50_v0.5_e007,2,20969d4257e2c6cafb45167f1c374f74ffa8eb7245d3ec03c4253c0dc3a78ce4,42,v0.5
wave,16,7,0.0262,0.0465,-0.767,True,True,True,True,True,timeout,12.0001,5.5112,6.0,0.9185,0.3604,0.3619,0.0884,0.076,0.041792,True,0.48,-0.0728,0,0.0,,3.562,6.408,8.896,0.07,0.0657,4.615,0.21095,7.4895,297.063,831.6862,11.94,2,0.0,0.0,0.0,0,0.0,0.0,0.0,0,0.0,0.0,0.0,0,0.1236,0.072,0.5821,wave_s2_d0.50_v0.5_e007,2,20969d4257e2c6cafb45167f1c374f74ffa8eb7245d3ec03c4253c0dc3a78ce4,42,v0.5
wave,17,7,0.006,0.0785,4.893,True,True,True,True,True,timeout,12.0001,5.5409,6.0,0.9235,0.4511,0.4511,0.1386,0.0774,0.041755,True,0.4854,-0.0793,0,0.0,,3.672,6.537,9.236,0.0696,0.0686,4.568,0.21181,7.3218,318.232,832.3376,11.92,2,0.0,0.0,0.0,0,0.0,0.0,0.0,0,0.0,0.0,0.0,0,0.14,0.1065,0.7607,wave_s2_d0.50_v0.5_e007,2,20969d4257e2c6cafb45167f1c374f74ffa8eb7245d3ec03c4253c0dc3a78ce4,42,v0.5
wave,18,7,0.0519,0.0393,-4.369,True,True,True,True,True,timeout,12.0001,5.4667,6.0,0.9111,0.3874,0.3887,0.0963,0.078,0.041784,True,0.4621,-0.0721,0,0.0,,3.796,6.736,9.236,0.0706,0.0666,4.576,0.20852,7.3907,346.361,834.5546,11.94,2,0.0,0.0,0.0,0,0.0,0.0,0.0,0,0.0,0.0,0.0,0,0.1308,0.0744,0.5692,wave_s2_d0.50_v0.5_e007,2,20969d4257e2c6cafb45167f1c374f74ffa8eb7245d3ec03c4253c0dc3a78ce4,42,v0.5
wave,19,7,-0.0087,0.0106,-3.564,True,True,True,True,True,timeout,12.0001,5.4682,6.0,0.9114,0.4492,0.45,0.1249,0.0772,0.041789,True,0.462,-0.0637,0,0.0,,3.861,6.565,8.936,0.0713,0.066,4.591,0.20821,6.7767,318.668,834.5927,11.92,2,0.0,0.0,0.0,0,0.0,0.0,0.0,0,0.0,0.0,0.0,0,0.1286,0.0721,0.5605,wave_s2_d0.50_v0.5_e007,2,20969d4257e2c6cafb45167f1c374f74ffa8eb7245d3ec03c4253c0dc3a78ce4,42,v0.5
gap,32,7,-0.0394,0.0682,3.713,True,True,True,True,True,timeout,12.0001,5.7546,6.0,0.9591,0.2177,0.3125,0.2843,0.0933,0.040632,True,0.4364,1.4795,0,0.0,,6.92,6.828,6.828,0.0931,0.0666,4.861,0.27013,6.6698,136.094,844.8334,11.96,2,0.0,0.0,0.0,0,176.297,27.9078,0.52,1,0.0,0.0,0.0,0,0.0,0.0,,gap_s2_d0.50_v0.5_e007,2,20969d4257e2c6cafb45167f1c374f74ffa8eb7245d3ec03c4253c0dc3a78ce4,42,v0.5
gap,36,7,-0.0429,0.0005,3.24,True,True,True,True,True,timeout,12.0001,5.7373,6.0,0.9562,0.5871,0.588,0.4246,0.0935,0.040443,True,0.4556,1.3841,0,0.0,,7.071,6.704,6.704,0.0929,0.0692,4.951,0.26297,7.1557,124.267,857.963,11.96,2,77.193,3.681,0.12,2,171.842,28.3942,0.62,2,0.0,0.0,0.0,0,0.0,0.0,,gap_s2_d0.50_v0.5_e007,2,20969d4257e2c6cafb45167f1c374f74ffa8eb7245d3ec03c4253c0dc3a78ce4,42,v0.5
gap,37,7,0.0061,0.0539,-1.084,True,True,True,True,True,timeout,12.0001,5.7629,6.0,0.9605,0.0501,0.1744,0.1172,0.0965,0.040261,True,0.4401,1.5403,0,0.0,,6.531,7.386,7.386,0.1024,0.0687,4.992,0.26859,7.2357,166.626,839.0132,11.96,2,0.0,0.0,0.0,0,268.407,50.0509,0.72,2,0.0,0.0,0.0,0,0.0,0.0,,gap_s2_d0.50_v0.5_e007,2,20969d4257e2c6cafb45167f1c374f74ffa8eb7245d3ec03c4253c0dc3a78ce4,42,v0.5
gap,39,7,0.0084,-0.0447,0.326,True,True,True,True,True,timeout,12.0001,5.7125,6.0,0.9521,0.2074,0.2633,0.2456,0.0958,0.040242,True,0.4395,1.4621,0,0.0,,6.667,9.261,9.261,0.1005,0.0691,4.998,0.27704,7.1502,201.774,837.0998,11.96,2,0.0,0.0,0.0,0,246.568,52.2236,0.82,2,0.0,0.0,0.0,0,0.0,0.0,,gap_s2_d0.50_v0.5_e007,2,20969d4257e2c6cafb45167f1c374f74ffa8eb7245d3ec03c4253c0dc3a78ce4,42,v0.5
pit,40,7,-0.0831,-0.0983,-1.167,True,True,True,True,True,timeout,12.0001,5.6219,6.0,0.937,0.1836,0.1861,0.1079,0.0793,0.041872,True,0.4683,0.8442,0,0.0,,6.803,14.858,24.796,0.0682,0.0647,4.685,0.23098,6.6363,119.545,826.0166,11.96,2,0.0,0.0,0.0,0,0.0,0.0,0.0,0,0.0,0.0,0.0,0,0.2,0.2,1.0,pit_s2_d0.50_v0.5_e007,2,20969d4257e2c6cafb45167f1c374f74ffa8eb7245d3ec03c4253c0dc3a78ce4,42,v0.5
pit,41,7,-0.0132,0.0002,4.711,True,True,True,True,True,timeout,12.0001,5.6367,6.0,0.9394,0.2223,0.2319,0.1481,0.0789,0.041843,True,0.4665,0.8444,0,0.0,,6.804,14.83,24.713,0.0698,0.0625,4.7,0.23659,6.8817,120.152,830.1827,11.96,2,0.0,0.0,0.0,0,0.0,0.0,0.0,0,0.0,0.0,0.0,0,0.2,0.2,1.0,pit_s2_d0.50_v0.5_e007,2,20969d4257e2c6cafb45167f1c374f74ffa8eb7245d3ec03c4253c0dc3a78ce4,42,v0.5
pit,42,7,-0.067,0.027,4.719,True,True,True,True,True,timeout,12.0001,5.6183,6.0,0.9364,0.1995,0.2007,0.1239,0.0794,0.041774,True,0.4665,0.8438,0,0.0,,6.761,14.923,24.754,0.0678,0.065,4.691,0.23241,6.7554,192.998,828.1771,11.96,2,0.0,0.0,0.0,0,0.0,0.0,0.0,0,0.0,0.0,0.0,0,0.2,0.2,1.0,pit_s2_d0.50_v0.5_e007,2,20969d4257e2c6cafb45167f1c374f74ffa8eb7245d3ec03c4253c0dc3a78ce4,42,v0.5
pit,43,7,-0.0469,-0.0761,2.918,True,True,True,True,True,timeout,12.0001,5.6245,6.0,0.9374,0.2012,0.2111,0.1255,0.0795,0.04186,True,0.466,0.8429,0,0.0,,6.892,14.808,24.809,0.0686,0.0645,4.702,0.23211,7.3196,117.46,826.5872,11.96,2,0.0,0.0,0.0,0,0.0,0.0,0.0,0,0.0,0.0,0.0,0,0.2,0.2,1.0,pit_s2_d0.50_v0.5_e007,2,20969d4257e2c6cafb45167f1c374f74ffa8eb7245d3ec03c4253c0dc3a78ce4,42,v0.5
pit,44,7,0.0081,-0.0839,-1.642,True,True,True,True,True,timeout,12.0001,5.6468,6.0,0.9411,0.2404,0.2517,0.1732,0.0787,0.041674,True,0.4665,0.8479,0,0.0,,7.034,14.995,24.743,0.069,0.0628,4.688,0.23517,6.825,134.689,833.0355,11.98,2,0.0,0.0,0.0,0,0.0,0.0,0.0,0,0.0,0.0,0.0,0,0.2,0.2,1.0,pit_s2_d0.50_v0.5_e007,2,20969d4257e2c6cafb45167f1c374f74ffa8eb7245d3ec03c4253c0dc3a78ce4,42,v0.5
pit,45,7,-0.0249,-0.0732,-1.584,True,True,True,True,True,timeout,12.0001,5.6306,6.0,0.9384,0.269,0.2769,0.163,0.0787,0.041628,True,0.4715,0.8461,0,0.0,,6.999,14.895,24.862,0.0682,0.0633,4.691,0.2349,6.9517,124.221,829.1101,11.98,2,0.0,0.0,0.0,0,0.0,0.0,0.0,0,0.0,0.0,0.0,0,0.2,0.2,1.0,pit_s2_d0.50_v0.5_e007,2,20969d4257e2c6cafb45167f1c374f74ffa8eb7245d3ec03c4253c0dc3a78ce4,42,v0.5
pit,46,7,0.0518,0.066,3.119,True,True,True,True,True,timeout,12.0001,5.6356,6.0,0.9393,0.1413,0.1425,0.1201,0.0784,0.041791,True,0.4671,0.8375,0,0.0,,6.665,15.007,24.746,0.0702,0.0617,4.685,0.24447,6.5661,121.576,833.3278,11.98,2,0.0,0.0,0.0,0,80.458,1.6092,0.02,1,0.0,0.0,0.0,0,0.2,0.2,1.0,pit_s2_d0.50_v0.5_e007,2,20969d4257e2c6cafb45167f1c374f74ffa8eb7245d3ec03c4253c0dc3a78ce4,42,v0.5
pit,47,7,0.0955,-0.0953,3.32,True,True,True,True,True,timeout,12.0001,5.635,6.0,0.9392,0.2143,0.2264,0.1773,0.0782,0.041616,True,0.4719,0.8254,0,0.0,,7.323,15.187,24.929,0.0701,0.0617,4.737,0.25229,7.1871,109.37,833.7471,11.98,2,0.0,0.0,0.0,0,91.993,1.8399,0.02,1,0.0,0.0,0.0,0,0.2,0.2,1.0,pit_s2_d0.50_v0.5_e007,2,20969d4257e2c6cafb45167f1c374f74ffa8eb7245d3ec03c4253c0dc3a78ce4,42,v0.5
pit,48,7,-0.0851,-0.0615,0.485,True,True,True,True,True,timeout,12.0001,5.6257,6.0,0.9376,0.1632,0.1713,0.1002,0.0793,0.041849,True,0.4659,0.8422,0,0.0,,6.768,14.885,24.873,0.068,0.0649,4.709,0.23304,6.9929,120.92,826.5196,11.96,2,0.0,0.0,0.0,0,0.0,0.0,0.0,0,0.0,0.0,0.0,0,0.2,0.2,1.0,pit_s2_d0.50_v0.5_e007,2,20969d4257e2c6cafb45167f1c374f74ffa8eb7245d3ec03c4253c0dc3a78ce4,42,v0.5
pit,49,7,0.0918,-0.077,-3.634,True,True,True,True,True,timeout,12.0001,5.64,6.0,0.94,0.1682,0.1794,0.1547,0.0783,0.041708,True,0.4662,0.8432,0,0.0,,6.749,15.373,25.097,0.0696,0.0623,4.72,0.24776,6.8996,152.924,834.1107,11.98,2,0.0,0.0,0.0,0,126.476,2.5295,0.02,1,0.0,0.0,0.0,0,0.2,0.2,1.0,pit_s2_d0.50_v0.5_e007,2,20969d4257e2c6cafb45167f1c374f74ffa8eb7245d3ec03c4253c0dc3a78ce4,42,v0.5
rails,50,7,0.0761,0.0547,-2.707,True,True,True,True,True,timeout,12.0001,5.5373,6.0,0.9229,0.2103,0.2148,0.0083,0.0865,0.041213,True,0.523,0.5237,0,0.0,,3.041,5.587,6.003,0.0766,0.0722,4.782,0.24495,6.335,122.767,844.0322,11.98,2,0.0,0.0,0.0,0,108.21,47.2757,1.02,4,0.0,0.0,0.0,0,0.115,0.115,1.0,rails_s2_d0.50_v0.5_e007,2,20969d4257e2c6cafb45167f1c374f74ffa8eb7245d3ec03c4253c0dc3a78ce4,42,v0.5
rails,51,7,-0.0879,0.04,-4.099,True,True,True,True,True,timeout,12.0001,5.469,6.0,0.9115,0.0885,0.0885,0.0385,0.0848,0.041066,True,0.4252,0.3854,0,0.0,,4.271,5.377,5.918,0.0725,0.076,4.883,0.27548,6.0031,117.448,834.9506,11.96,2,0.0,0.0,0.0,0,132.34,79.7231,1.54,6,0.0,0.0,0.0,0,0.115,0.115,1.0,rails_s2_d0.50_v0.5_e007,2,20969d4257e2c6cafb45167f1c374f74ffa8eb7245d3ec03c4253c0dc3a78ce4,42,v0.5
rails,52,7,-0.0009,0.0939,4.675,True,True,True,True,True,timeout,12.0001,5.4656,6.0,0.9109,0.4289,0.4289,0.3019,0.0875,0.041202,True,0.4118,0.3591,0,0.0,,3.838,4.239,4.933,0.075,0.0767,4.73,0.26603,5.189,139.404,849.9072,11.96,2,5.275,0.1055,0.02,1,148.492,65.7634,1.36,6,0.0,0.0,0.0,0,0.115,0.115,1.0,rails_s2_d0.50_v0.5_e007,2,20969d4257e2c6cafb45167f1c374f74ffa8eb7245d3ec03c4253c0dc3a78ce4,42,v0.5
rails,53,7,-0.0765,0.0001,4.58,True,True,True,True,True,timeout,12.0001,5.5105,6.0,0.9184,0.2259,0.2337,0.1123,0.08,0.041373,True,0.3942,0.7509,0,0.0,,3.53,6.334,6.776,0.0668,0.0702,4.757,0.26929,5.6781,163.999,842.3235,11.96,2,0.0,0.0,0.0,0,202.662,68.6718,1.08,4,0.0,0.0,0.0,0,0.115,0.115,1.0,rails_s2_d0.50_v0.5_e007,2,20969d4257e2c6cafb45167f1c374f74ffa8eb7245d3ec03c4253c0dc3a78ce4,42,v0.5
rails,54,7,0.0187,0.0288,-0.98,True,True,True,True,True,timeout,12.0001,5.4313,6.0,0.9052,0.3765,0.3813,0.1615,0.087,0.041132,True,0.4905,0.2139,0,0.0,,5.757,4.448,5.23,0.0804,0.0716,4.743,0.25787,5.8215,166.126,846.7537,11.96,2,337.615,8.422,0.06,1,94.511,34.5043,0.82,6,0.0,0.0,0.0,0,0.115,0.115,1.0,rails_s2_d0.50_v0.5_e007,2,20969d4257e2c6cafb45167f1c374f74ffa8eb7245d3ec03c4253c0dc3a78ce4,42,v0.5
rails,55,7,0.0204,-0.0927,3.359,True,True,True,True,True,timeout,12.0001,5.4493,6.0,0.9082,0.3859,0.3859,0.2354,0.0842,0.040987,True,0.405,0.3881,0,0.0,,5.011,4.98,5.746,0.0717,0.0735,4.747,0.26544,5.8727,164.82,845.8996,11.98,2,0.0,0.0,0.0,0,148.649,94.3299,1.54,5,0.0,0.0,0.0,0,0.115,0.115,1.0,rails_s2_d0.50_v0.5_e007,2,20969d4257e2c6cafb45167f1c374f74ffa8eb7245d3ec03c4253c0dc3a78ce4,42,v0.5
rails,56,7,-0.0067,0.0988,-3.101,True,True,True,True,True,timeout,12.0001,5.5439,6.0,0.924,0.2768,0.2771,0.0744,0.0846,0.041247,True,0.3377,0.7412,0,0.0,,5.286,5.38,5.629,0.0699,0.0736,4.802,0.26766,5.3559,194.861,858.9691,11.96,2,0.0,0.0,0.0,0,399.091,50.8796,0.84,3,0.0,0.0,0.0,0,0.115,0.115,1.0,rails_s2_d0.50_v0.5_e007,2,20969d4257e2c6cafb45167f1c374f74ffa8eb7245d3ec03c4253c0dc3a78ce4,42,v0.5
rails,57,7,-0.0988,-0.0492,-3.87,True,True,True,True,True,timeout,12.0001,5.5122,6.0,0.9187,0.1009,0.1009,0.0139,0.0848,0.041251,True,0.4078,0.728,0,0.0,,4.751,4.133,4.829,0.069,0.0741,4.726,0.24959,5.8011,123.725,844.3168,11.98,2,0.0,0.0,0.0,0,149.467,32.4311,0.68,4,0.0,0.0,0.0,0,0.115,0.115,1.0,rails_s2_d0.50_v0.5_e007,2,20969d4257e2c6cafb45167f1c374f74ffa8eb7245d3ec03c4253c0dc3a78ce4,42,v0.5
rails,58,7,-0.0309,0.0858,-4.495,True,True,True,True,True,timeout,12.0001,5.5161,6.0,0.9194,0.1853,0.1881,0.0516,0.0821,0.041173,True,0.4543,0.686,0,0.0,,5.269,4.21,5.31,0.0687,0.0717,4.785,0.25481,5.6148,124.087,846.0056,11.98,2,0.0,0.0,0.0,0,199.23,44.9529,0.94,5,0.0,0.0,0.0,0,0.115,0.115,1.0,rails_s2_d0.50_v0.5_e007,2,20969d4257e2c6cafb45167f1c374f74ffa8eb7245d3ec03c4253c0dc3a78ce4,42,v0.5
rails,59,7,-0.0802,0.0183,3.401,True,True,True,True,True,timeout,12.0001,5.4981,6.0,0.9163,0.1061,0.1192,0.0683,0.0816,0.041405,True,0.3643,0.726,0,0.0,,3.028,6.889,7.368,0.0681,0.0711,4.739,0.25409,5.5285,206.138,843.0197,11.96,2,0.0,0.0,0.0,0,193.983,63.6364,1.04,4,0.0,0.0,0.0,0,0.115,0.115,1.0,rails_s2_d0.50_v0.5_e007,2,20969d4257e2c6cafb45167f1c374f74ffa8eb7245d3ec03c4253c0dc3a78ce4,42,v0.5
star,60,7,0.0996,-0.0768,0.979,True,True,True,True,True,timeout,12.0001,5.5753,6.0,0.9292,0.606,0.6068,0.2304,0.0801,0.041672,True,0.4736,0.8181,0,0.0,,6.546,5.455,8.297,0.0627,0.073,4.639,0.21493,7.9709,140.034,845.8635,11.98,2,0.0,0.0,0.0,0,120.984,11.597,0.18,1,0.0,0.0,0.0,0,0.105,0.105,1.0,star_s2_d0.50_v0.5_e007,2,20969d4257e2c6cafb45167f1c374f74ffa8eb7245d3ec03c4253c0dc3a78ce4,42,v0.5
star,61,7,-0.0638,0.0363,4.401,True,True,True,True,True,timeout,12.0001,5.6656,6.0,0.9443,0.4405,0.4405,0.212,0.0755,0.041943,True,0.4537,0.815,0,0.0,,6.749,7.636,11.649,0.0656,0.0656,4.538,0.22335,6.2491,164.582,847.9743,11.96,2,0.0,0.0,0.0,0,95.193,15.24,0.3,3,0.0,0.0,0.0,0,0.105,0.105,1.0,star_s2_d0.50_v0.5_e007,2,20969d4257e2c6cafb45167f1c374f74ffa8eb7245d3ec03c4253c0dc3a78ce4,42,v0.5
star,62,7,-0.059,0.0945,0.677,True,True,True,True,True,timeout,12.0001,5.6811,6.0,0.9468,0.5648,0.5648,0.2606,0.0749,0.041896,True,0.4588,0.8357,0,0.0,,7.6,7.259,11.063,0.065,0.0659,4.57,0.22579,6.4994,146.89,850.9562,11.96,2,0.0,0.0,0.0,0,102.315,9.1338,0.16,3,0.0,0.0,0.0,0,0.105,0.105,1.0,star_s2_d0.50_v0.5_e007,2,20969d4257e2c6cafb45167f1c374f74ffa8eb7245d3ec03c4253c0dc3a78ce4,42,v0.5
star,63,7,-0.0638,-0.0165,1.718,True,True,True,True,True,timeout,12.0001,5.6605,6.0,0.9434,0.5468,0.5487,0.3087,0.0776,0.041735,True,0.4812,0.8352,0,0.0,,6.925,7.885,11.377,0.0637,0.0715,4.642,0.22204,7.4596,163.588,847.1622,11.96,2,0.0,0.0,0.0,0,102.59,15.1221,0.2,1,0.0,0.0,0.0,0,0.105,0.105,1.0,star_s2_d0.50_v0.5_e007,2,20969d4257e2c6cafb45167f1c374f74ffa8eb7245d3ec03c4253c0dc3a78ce4,42,v0.5
star,64,7,-0.0221,-0.0096,3.378,True,True,True,True,True,timeout,12.0001,5.6659,6.0,0.9443,0.4348,0.4348,0.2433,0.0754,0.041899,True,0.4522,0.8337,0,0.0,,7.038,7.322,11.152,0.064,0.0667,4.545,0.22426,6.358,144.885,852.478,11.96,2,0.0,0.0,0.0,0,91.388,8.9795,0.18,2,0.0,0.0,0.0,0,0.105,0.105,1.0,star_s2_d0.50_v0.5_e007,2,20969d4257e2c6cafb45167f1c374f74ffa8eb7245d3ec03c4253c0dc3a78ce4,42,v0.5
star,65,7,-0.096,-0.0569,1.21,True,True,True,True,True,timeout,12.0001,5.6325,6.0,0.9387,0.6613,0.6613,0.2518,0.0763,0.041999,True,0.5911,0.8543,0,0.0,,7.055,5.516,8.493,0.0642,0.0678,4.59,0.21517,7.8373,163.976,848.3433,11.96,2,0.0,0.0,0.0,0,0.0,0.0,0.0,0,0.0,0.0,0.0,0,0.105,0.105,1.0,star_s2_d0.50_v0.5_e007,2,20969d4257e2c6cafb45167f1c374f74ffa8eb7245d3ec03c4253c0dc3a78ce4,42,v0.5
star,66,7,0.0737,-0.04,-0.707,True,True,True,True,True,timeout,12.0001,5.5022,6.0,0.917,0.5561,0.5575,0.1999,0.078,0.041925,True,0.4657,0.8321,0,0.0,,4.975,3.771,6.358,0.0611,0.071,4.621,0.2031,9.282,154.032,840.6459,11.98,2,0.0,0.0,0.0,0,0.0,0.0,0.0,0,0.0,0.0,0.0,0,0.105,0.0,0.0001,star_s2_d0.50_v0.5_e007,2,20969d4257e2c6cafb45167f1c374f74ffa8eb7245d3ec03c4253c0dc3a78ce4,42,v0.5
star,67,7,-0.0306,-0.0499,4.773,True,True,True,True,True,timeout,12.0001,5.5943,6.0,0.9324,0.5605,0.5605,0.2892,0.0767,0.042087,True,0.4605,0.8383,0,0.0,,6.716,7.388,11.552,0.0616,0.07,4.551,0.21822,6.0631,151.656,843.4283,11.96,2,0.0,0.0,0.0,0,88.988,7.5915,0.12,1,0.0,0.0,0.0,0,0.105,0.105,1.0,star_s2_d0.50_v0.5_e007,2,20969d4257e2c6cafb45167f1c374f74ffa8eb7245d3ec03c4253c0dc3a78ce4,42,v0.5
star,68,7,-0.0407,0.0319,3.667,True,True,True,True,True,timeout,12.0001,5.6843,6.0,0.9474,0.2839,0.2925,0.2121,0.076,0.041812,True,0.4497,0.8355,0,0.0,,6.675,7.776,11.515,0.0656,0.0666,4.567,0.22604,6.5381,116.383,840.1807,11.96,2,0.0,0.0,0.0,0,102.703,16.4236,0.32,2,0.0,0.0,0.0,0,0.105,0.105,1.0,star_s2_d0.50_v0.5_e007,2,20969d4257e2c6cafb45167f1c374f74ffa8eb7245d3ec03c4253c0dc3a78ce4,42,v0.5
star,69,7,-0.0119,-0.0768,1.684,True,True,True,True,True,timeout,12.0001,5.6214,6.0,0.9369,0.6591,0.6591,0.2309,0.079,0.041719,True,0.5725,0.8124,0,0.0,,6.824,5.432,8.35,0.0655,0.0703,4.666,0.22558,7.5645,131.363,848.344,11.96,2,0.0,0.0,0.0,0,76.26,9.5675,0.18,1,0.0,0.0,0.0,0,0.105,0.105,1.0,star_s2_d0.50_v0.5_e007,2,20969d4257e2c6cafb45167f1c374f74ffa8eb7245d3ec03c4253c0dc3a78ce4,42,v0.5
floating_ring,70,7,0.0531,-0.0907,3.758,True,True,True,True,True,timeout,12.0001,5.4136,6.0,0.9023,0.3615,0.3615,0.2585,0.0925,0.041061,True,0.4612,0.5123,0,0.0,,7.093,15.21,20.18,0.091,0.0669,4.678,0.25738,6.4565,181.406,850.4099,11.96,2,0.0,0.0,0.0,0,111.424,23.4947,0.6,6,0.0,0.0,0.0,0,0.225,0.225,1.0,floating_ring_s2_d0.50_v0.5_e007,2,20969d4257e2c6cafb45167f1c374f74ffa8eb7245d3ec03c4253c0dc3a78ce4,42,v0.5
floating_ring,71,7,0.0982,0.0758,4.566,True,True,True,True,True,timeout,12.0001,5.3838,6.0,0.8973,0.4617,0.462,0.3368,0.0915,0.040979,True,0.4705,0.5005,0,0.0,,7.353,15.109,20.207,0.0887,0.0669,4.69,0.26171,6.1402,144.261,845.8678,11.98,2,0.0,0.0,0.0,0,108.714,34.6384,0.74,6,0.0,0.0,0.0,0,0.225,0.225,1.0,floating_ring_s2_d0.50_v0.5_e007,2,20969d4257e2c6cafb45167f1c374f74ffa8eb7245d3ec03c4253c0dc3a78ce4,42,v0.5
floating_ring,72,7,0.0463,-0.0568,4.404,True,True,True,True,True,timeout,12.0001,5.423,6.0,0.9038,0.3203,0.3203,0.2314,0.0909,0.04108,True,0.4457,0.5468,0,0.0,,7.413,15.444,20.222,0.0867,0.0663,4.691,0.25474,6.3073,181.556,849.4019,11.96,2,0.0,0.0,0.0,0,149.523,19.9097,0.5,6,0.0,0.0,0.0,0,0.225,0.225,1.0,floating_ring_s2_d0.50_v0.5_e007,2,20969d4257e2c6cafb45167f1c374f74ffa8eb7245d3ec03c4253c0dc3a78ce4,42,v0.5
floating_ring,73,7,0.0303,-0.0927,-4.94,True,True,True,True,True,timeout,12.0001,5.4121,6.0,0.902,0.2222,0.2248,0.0355,0.0913,0.04108,True,0.434,0.5837,0,0.0,,7.445,15.723,21.591,0.0836,0.0682,4.713,0.25024,6.427,184.836,844.4165,11.98,2,0.0,0.0,0.0,0,120.509,25.5045,0.38,4,0.0,0.0,0.0,0,0.225,0.225,1.0,floating_ring_s2_d0.50_v0.5_e007,2,20969d4257e2c6cafb45167f1c374f74ffa8eb7245d3ec03c4253c0dc3a78ce4,42,v0.5
floating_ring,74,7,-0.0069,-0.0829,0.433,True,True,True,True,True,timeout,12.0001,5.4982,6.0,0.9164,0.2148,0.2201,0.0252,0.0874,0.041257,True,0.4701,0.6576,0,0.0,,7.088,14.742,20.303,0.0822,0.0642,4.68,0.2448,6.6463,142.607,850.8838,11.98,2,0.0,0.0,0.0,0,262.982,22.995,0.38,3,0.0,0.0,0.0,0,0.225,0.225,1.0,floating_ring_s2_d0.50_v0.5_e007,2,20969d4257e2c6cafb45167f1c374f74ffa8eb7245d3ec03c4253c0dc3a78ce4,42,v0.5
floating_ring,75,7,-0.0646,-0.0161,-3.828,True,True,True,True,True,timeout,12.0001,5.5011,6.0,0.9169,0.3201,0.3227,0.0488,0.084,0.041391,True,0.4697,0.7584,0,0.0,,6.724,17.023,21.439,0.0767,0.063,4.714,0.24186,6.8753,124.323,844.9711,11.96,2,0.0,0.0,0.0,0,199.22,24.7007,0.46,3,0.0,0.0,0.0,0,0.225,0.225,1.0,floating_ring_s2_d0.50_v0.5_e007,2,20969d4257e2c6cafb45167f1c374f74ffa8eb7245d3ec03c4253c0dc3a78ce4,42,v0.5
floating_ring,76,7,0.0714,-0.0544,0.402,True,True,True,True,True,timeout,12.0001,5.3467,6.0,0.8911,0.0961,0.1837,0.0836,0.0958,0.040955,True,0.4339,0.4889,0,0.0,,7.17,15.626,20.99,0.0942,0.0677,4.714,0.26313,6.3868,151.061,845.2178,11.96,2,0.0,0.0,0.0,0,127.506,48.5422,1.06,10,0.0,0.0,0.0,0,0.225,0.225,1.0,floating_ring_s2_d0.50_v0.5_e007,2,20969d4257e2c6cafb45167f1c374f74ffa8eb7245d3ec03c4253c0dc3a78ce4,42,v0.5
floating_ring,77,7,0.0537,0.0354,-2.026,True,True,True,True,True,timeout,12.0001,5.4541,6.0,0.909,0.4282,0.4282,0.0831,0.0907,0.041177,True,0.4814,0.6407,0,0.0,,6.985,15.456,21.174,0.0843,0.0672,4.72,0.25775,6.5785,167.342,853.7476,11.96,2,0.0,0.0,0.0,0,469.237,32.9898,0.48,7,0.0,0.0,0.0,0,0.225,0.225,1.0,floating_ring_s2_d0.50_v0.5_e007,2,20969d4257e2c6cafb45167f1c374f74ffa8eb7245d3ec03c4253c0dc3a78ce4,42,v0.5
floating_ring,78,7,-0.0051,0.0169,3.693,True,True,True,True,True,timeout,12.0001,5.4664,6.0,0.9111,0.3918,0.4002,0.3041,0.0878,0.041172,True,0.4616,0.7241,0,0.0,,7.012,15.588,20.678,0.0823,0.0655,4.718,0.24808,6.2788,245.857,859.5875,11.98,2,0.0,0.0,0.0,0,244.194,21.0025,0.3,5,0.0,0.0,0.0,0,0.225,0.225,1.0,floating_ring_s2_d0.50_v0.5_e007,2,20969d4257e2c6cafb45167f1c374f74ffa8eb7245d3ec03c4253c0dc3a78ce4,42,v0.5
floating_ring,79,7,0.0538,-0.0833,-3.429,True,True,True,True,True,timeout,12.0001,5.418,6.0,0.903,0.0839,0.2059,0.1517,0.0927,0.04094,True,0.4598,0.5705,0,0.0,,7.105,15.321,20.505,0.0865,0.0692,4.722,0.25711,6.5531,179.351,851.3174,11.98,2,0.0,0.0,0.0,0,110.325,37.3752,0.8,9,0.0,0.0,0.0,0,0.225,0.225,1.0,floating_ring_s2_d0.50_v0.5_e007,2,20969d4257e2c6cafb45167f1c374f74ffa8eb7245d3ec03c4253c0dc3a78ce4,42,v0.5
repeated_boxes,80,7,-0.0811,0.0835,-0.79,True,True,True,True,True,timeout,12.0001,5.4788,6.0,0.9131,0.337,0.337,0.1313,0.078,0.041798,True,0.4764,0.8342,0,0.0,,3.209,5.707,8.485,0.0636,0.067,4.595,0.21874,6.9283,106.09,830.1679,11.98,2,0.0,0.0,0.0,0,86.849,28.0972,0.56,4,0.0,0.0,0.0,0,0.0833,0.0708,0.8503,repeated_boxes_s2_d0.50_v0.5_e007,2,20969d4257e2c6cafb45167f1c374f74ffa8eb7245d3ec03c4253c0dc3a78ce4,42,v0.5
repeated_boxes,81,7,0.0028,-0.0178,-2.398,True,True,True,True,True,timeout,12.0001,5.4541,6.0,0.909,0.3264,0.331,0.1508,0.0776,0.042029,True,0.4415,0.7818,0,0.0,,2.726,7.379,9.853,0.0637,0.0658,4.637,0.21263,7.2542,153.437,821.9513,11.96,2,0.0,0.0,0.0,0,52.141,6.9211,0.2,1,0.0,0.0,0.0,0,0.0829,0.06,0.7237,repeated_boxes_s2_d0.50_v0.5_e007,2,20969d4257e2c6cafb45167f1c374f74ffa8eb7245d3ec03c4253c0dc3a78ce4,42,v0.5
repeated_boxes,82,7,-0.0051,0.0918,-3.535,True,True,True,True,True,timeout,12.0001,5.4675,6.0,0.9112,0.2614,0.2614,0.1237,0.0774,0.041918,True,0.4581,0.7723,0,0.0,,2.834,7.582,10.285,0.0637,0.0661,4.662,0.21545,7.8376,128.955,820.0862,11.98,2,0.0,0.0,0.0,0,55.689,8.3188,0.22,1,0.0,0.0,0.0,0,0.0839,0.06,0.7153,repeated_boxes_s2_d0.50_v0.5_e007,2,20969d4257e2c6cafb45167f1c374f74ffa8eb7245d3ec03c4253c0dc3a78ce4,42,v0.5
repeated_boxes,83,7,-0.0276,-0.0601,-2.849,True,True,True,True,True,timeout,12.0001,5.4722,6.0,0.912,0.3591,0.3591,0.1709,0.0771,0.041998,True,0.4642,0.7655,0,0.0,,2.825,8.495,10.854,0.0629,0.066,4.635,0.2146,8.0127,163.531,823.954,11.96,2,0.0,0.0,0.0,0,0.0,0.0,0.0,0,0.0,0.0,0.0,0,0.0839,0.06,0.7148,repeated_boxes_s2_d0.50_v0.5_e007,2,20969d4257e2c6cafb45167f1c374f74ffa8eb7245d3ec03c4253c0dc3a78ce4,42,v0.5
repeated_boxes,84,7,-0.0072,-0.0621,1.919,True,True,True,True,True,timeout,12.0001,5.4193,6.0,0.9032,0.2994,0.2994,0.1275,0.0816,0.041904,True,0.4324,0.7261,0,0.0,,2.988,6.855,9.424,0.0683,0.0684,4.647,0.21802,6.9231,185.531,832.371,11.96,2,0.0,0.0,0.0,0,33.077,2.0114,0.08,1,0.0,0.0,0.0,0,0.084,0.0707,0.8412,repeated_boxes_s2_d0.50_v0.5_e007,2,20969d4257e2c6cafb45167f1c374f74ffa8eb7245d3ec03c4253c0dc3a78ce4,42,v0.5
repeated_boxes,85,7,-0.0052,-0.0067,-0.891,True,True,True,True,True,timeout,12.0001,5.4299,6.0,0.905,0.4584,0.4584,0.1409,0.0816,0.041826,True,0.4731,0.787,0,0.0,,3.595,7.196,9.849,0.0656,0.0718,4.604,0.22234,6.7007,120.14,829.0729,11.96,2,0.0,0.0,0.0,0,55.34,16.3949,0.54,2,0.0,0.0,0.0,0,0.0833,0.06,0.7204,repeated_boxes_s2_d0.50_v0.5_e007,2,20969d4257e2c6cafb45167f1c374f74ffa8eb7245d3ec03c4253c0dc3a78ce4,42,v0.5
repeated_boxes,86,7,-0.068,0.0578,1.329,True,True,True,True,True,timeout,12.0001,5.4441,6.0,0.9074,0.3858,0.3862,0.1215,0.081,0.041837,True,0.484,0.7399,0,0.0,,3.088,8.604,11.408,0.0669,0.0698,4.599,0.2157,6.6943,143.744,836.0992,11.98,2,0.0,0.0,0.0,0,21.068,2.3301,0.14,1,0.0,0.0,0.0,0,0.0839,0.0673,0.802,repeated_boxes_s2_d0.50_v0.5_e007,2,20969d4257e2c6cafb45167f1c374f74ffa8eb7245d3ec03c4253c0dc3a78ce4,42,v0.5
repeated_boxes,87,7,-0.0946,-0.0203,0.135,True,True,True,True,True,timeout,12.0001,5.4883,6.0,0.9147,0.358,0.358,0.1427,0.0786,0.041843,True,0.4344,0.8249,0,0.0,,3.151,5.877,8.431,0.0632,0.0692,4.628,0.21936,7.0325,148.425,831.0685,11.96,2,0.0,0.0,0.0,0,85.113,12.3575,0.26,2,0.0,0.0,0.0,0,0.0837,0.0718,0.8576,repeated_boxes_s2_d0.50_v0.5_e007,2,20969d4257e2c6cafb45167f1c374f74ffa8eb7245d3ec03c4253c0dc3a78ce4,42,v0.5
repeated_boxes,88,7,-0.0123,0.0062,-3.26,True,True,True,True,True,timeout,12.0001,5.4531,6.0,0.9088,0.309,0.3109,0.1454,0.0774,0.041923,True,0.4832,0.7821,0,0.0,,2.67,7.653,10.078,0.0645,0.0654,4.655,0.2156,7.5414,119.41,817.8056,11.96,2,0.0,0.0,0.0,0,56.772,8.8629,0.22,1,0.0,0.0,0.0,0,0.0829,0.06,0.7241,repeated_boxes_s2_d0.50_v0.5_e007,2,20969d4257e2c6cafb45167f1c374f74ffa8eb7245d3ec03c4253c0dc3a78ce4,42,v0.5
repeated_boxes,89,7,0.0844,-0.073,-4.043,True,True,True,True,True,timeout,12.0001,5.4734,6.0,0.9122,0.3664,0.3689,0.1542,0.0775,0.041985,True,0.4829,0.8128,0,0.0,,2.925,4.831,7.5,0.0627,0.0667,4.629,0.21226,7.4856,171.839,823.1591,11.96,2,0.0,0.0,0.0,0,34.071,0.6814,0.02,1,0.0,0.0,0.0,0,0.0839,0.06,0.7155,repeated_boxes_s2_d0.50_v0.5_e007,2,20969d4257e2c6cafb45167f1c374f74ffa8eb7245d3ec03c4253c0dc3a78ce4,42,v0.5
repeated_cylinders,90,7,-0.0187,0.0156,-0.443,True,True,True,True,True,timeout,12.0001,5.4088,6.0,0.9015,0.4674,0.4674,0.1572,0.082,0.041708,True,0.4666,0.6211,0,0.0,,3.141,7.524,10.548,0.0697,0.0697,4.678,0.21456,7.1386,116.883,830.3827,11.96,2,0.0,0.0,0.0,0,53.239,14.6311,0.44,2,0.0,0.0,0.0,0,0.0672,0.0627,0.9322,repeated_cylinders_s2_d0.50_v0.5_e007,2,20969d4257e2c6cafb45167f1c374f74ffa8eb7245d3ec03c4253c0dc3a78ce4,42,v0.5
repeated_cylinders,91,7,-0.0051,0.0286,-1.905,True,True,True,True,True,timeout,12.0001,5.4081,6.0,0.9013,0.4225,0.4239,0.1254,0.0818,0.041857,True,0.4364,0.7789,0,0.0,,3.177,6.755,9.639,0.0663,0.0704,4.598,0.21477,6.9546,119.36,826.3487,11.96,2,0.0,0.0,0.0,0,42.757,11.9473,0.48,3,0.0,0.0,0.0,0,0.0672,0.06,0.8926,repeated_cylinders_s2_d0.50_v0.5_e007,2,20969d4257e2c6cafb45167f1c374f74ffa8eb7245d3ec03c4253c0dc3a78ce4,42,v0.5
repeated_cylinders,92,7,0.0204,-0.082,1.266,True,True,True,True,True,timeout,12.0001,5.4444,6.0,0.9074,0.4217,0.4217,0.1908,0.0801,0.041658,True,0.4641,0.763,0,0.0,,3.129,6.147,9.165,0.0676,0.0681,4.728,0.22267,6.415,131.138,822.0091,11.98,2,0.0,0.0,0.0,0,90.195,56.2466,0.98,3,0.0,0.0,0.0,0,0.0672,0.06,0.8925,repeated_cylinders_s2_d0.50_v0.5_e007,2,20969d4257e2c6cafb45167f1c374f74ffa8eb7245d3ec03c4253c0dc3a78ce4,42,v0.5
repeated_cylinders,93,7,0.0048,-0.0822,-1.615,True,True,True,True,True,timeout,12.0001,5.4519,6.0,0.9086,0.1909,0.1998,0.1177,0.0804,0.041795,True,0.4451,0.7166,0,0.0,,3.004,6.8,9.666,0.0658,0.0685,4.664,0.21763,7.2604,177.177,829.3696,11.96,2,0.0,0.0,0.0,0,48.982,8.161,0.3,2,0.0,0.0,0.0,0,0.0672,0.06,0.8923,repeated_cylinders_s2_d0.50_v0.5_e007,2,20969d4257e2c6cafb45167f1c374f74ffa8eb7245d3ec03c4253c0dc3a78ce4,42,v0.5
repeated_cylinders,94,7,0.0236,0.0558,3.317,True,True,True,True,True,timeout,12.0001,5.3874,6.0,0.8979,0.6626,0.663,0.2453,0.0822,0.041802,True,0.4467,0.8101,0,0.0,,3.682,5.783,8.599,0.0659,0.0719,4.612,0.21666,6.5635,139.914,828.9117,11.96,2,0.0,0.0,0.0,0,93.189,23.8557,0.6,2,0.0,0.0,0.0,0,0.0672,0.06,0.8929,repeated_cylinders_s2_d0.50_v0.5_e007,2,20969d4257e2c6cafb45167f1c374f74ffa8eb7245d3ec03c4253c0dc3a78ce4,42,v0.5
repeated_cylinders,95,7,0.0767,0.055,0.241,True,True,True,True,True,timeout,12.0001,5.4304,6.0,0.9051,0.4242,0.4242,0.1037,0.0834,0.041473,True,0.4801,0.7525,0,0.0,,3.091,4.803,7.508,0.0659,0.0734,4.732,0.22455,6.8249,171.798,829.5434,11.98,2,0.0,0.0,0.0,0,73.228,5.2505,0.16,3,0.0,0.0,0.0,0,0.0671,0.0626,0.9324,repeated_cylinders_s2_d0.50_v0.5_e007,2,20969d4257e2c6cafb45167f1c374f74ffa8eb7245d3ec03c4253c0dc3a78ce4,42,v0.5
repeated_cylinders,96,7,0.003,-0.0348,1.883,True,True,True,True,True,timeout,12.0001,5.4662,6.0,0.911,0.3736,0.3736,0.1378,0.0804,0.04184,True,0.4573,0.7825,0,0.0,,3.25,7.189,10.141,0.064,0.07,4.625,0.21506,7.1204,133.878,832.7205,11.98,2,0.0,0.0,0.0,0,51.748,7.4668,0.24,2,0.0,0.0,0.0,0,0.0672,0.06,0.893,repeated_cylinders_s2_d0.50_v0.5_e007,2,20969d4257e2c6cafb45167f1c374f74ffa8eb7245d3ec03c4253c0dc3a78ce4,42,v0.5
repeated_cylinders,97,7,0.0415,0.073,-2.774,True,True,True,True,True,timeout,12.0001,5.4819,6.0,0.9137,0.3736,0.3766,0.1217,0.0787,0.041922,True,0.4878,0.8362,0,0.0,,2.929,4.836,7.614,0.0626,0.0702,4.621,0.2173,7.0666,133.038,827.6002,11.98,2,0.0,0.0,0.0,0,87.052,37.7998,0.9,4,0.0,0.0,0.0,0,0.0672,0.06,0.8931,repeated_cylinders_s2_d0.50_v0.5_e007,2,20969d4257e2c6cafb45167f1c374f74ffa8eb7245d3ec03c4253c0dc3a78ce4,42,v0.5
repeated_cylinders,98,7,-0.0444,-0.0324,-2.793,True,True,True,True,True,timeout,12.0001,5.4605,6.0,0.9101,0.2127,0.2234,0.1515,0.0801,0.041765,True,0.446,0.7297,0,0.0,,3.011,8.31,11.236,0.0659,0.0682,4.644,0.2178,7.3353,114.28,832.5285,11.96,2,0.0,0.0,0.0,0,44.761,5.4923,0.18,2,0.0,0.0,0.0,0,0.0672,0.06,0.8926,repeated_cylinders_s2_d0.50_v0.5_e007,2,20969d4257e2c6cafb45167f1c374f74ffa8eb7245d3ec03c4253c0dc3a78ce4,42,v0.5
repeated_cylinders,99,7,0.0607,-0.0695,3.166,True,True,True,True,True,timeout,12.0001,5.4199,6.0,0.9033,0.3699,0.3699,0.1199,0.0809,0.041794,True,0.4628,0.6255,0,0.0,,3.248,5.087,7.547,0.0673,0.0685,4.689,0.22292,6.7348,181.075,829.8034,11.96,2,0.0,0.0,0.0,0,70.379,10.965,0.24,2,0.0,0.0,0.0,0,0.0672,0.06,0.893,repeated_cylinders_s2_d0.50_v0.5_e007,2,20969d4257e2c6cafb45167f1c374f74ffa8eb7245d3ec03c4253c0dc3a78ce4,42,v0.5
stepping_stones,24,9,-0.0601,0.0175,2.831,False,False,False,True,False,base_contact,4.2,1.2725,6.0,0.2121,0.2103,0.2103,,0.2336,0.032617,False,,-0.3022,15,140.522,0.0,7.265,11.395,30.522,0.2821,0.09,5.106,0.26049,2.408,311.554,297.2612,4.06,2,20.9,0.418,0.02,1,108.992,33.7094,0.74,5,140.522,29.6661,0.3,2,1.11,1.01,0.9099,stepping_stones_s2_d0.50_v0.5_e009,2,20969d4257e2c6cafb45167f1c374f74ffa8eb7245d3ec03c4253c0dc3a78ce4,42,v0.5
stepping_stones,22,9,-0.0248,-0.0372,-0.541,False,False,False,True,False,base_contact,5.44,2.3018,6.0,0.3836,0.254,0.254,,0.1915,0.02824,False,,0.13,0,0.0,,12.495,11.73,22.832,0.1797,0.1772,6.598,0.48843,2.5839,341.834,386.9068,5.06,5,462.714,69.5738,0.76,9,377.453,175.9273,2.52,11,611.622,12.2324,0.02,1,1.11,0.9806,0.8834,stepping_stones_s2_d0.50_v0.5_e009,2,20969d4257e2c6cafb45167f1c374f74ffa8eb7245d3ec03c4253c0dc3a78ce4,42,v0.5
gap,33,8,-0.0298,0.0004,-4.861,True,True,True,True,True,timeout,12.0001,5.7748,6.0,0.9625,0.2753,0.2753,0.0068,0.0897,0.040409,True,0.4572,1.4119,0,0.0,,6.967,7.279,7.279,0.091,0.0667,4.93,0.26483,7.0369,165.399,858.6987,11.96,2,46.654,1.2491,0.06,1,498.624,40.1386,0.62,2,0.0,0.0,0.0,0,0.0,0.0,,gap_s2_d0.50_v0.5_e008,2,20969d4257e2c6cafb45167f1c374f74ffa8eb7245d3ec03c4253c0dc3a78ce4,42,v0.5
gap,30,8,0.0504,-0.032,-4.75,True,True,True,True,True,timeout,12.0001,5.8131,6.0,0.9689,0.1023,0.1936,0.1709,0.0905,0.04088,True,0.4411,1.2617,0,0.0,,6.213,5.239,5.239,0.0923,0.0657,4.864,0.24391,7.267,211.304,843.2429,11.96,2,0.0,0.0,0.0,0,645.055,46.0991,0.6,2,0.0,0.0,0.0,0,0.0,0.0,,gap_s2_d0.50_v0.5_e008,2,20969d4257e2c6cafb45167f1c374f74ffa8eb7245d3ec03c4253c0dc3a78ce4,42,v0.5
gap,38,8,-0.0253,-0.0111,-2.821,True,True,True,True,True,timeout,12.0001,5.8218,6.0,0.9703,0.0124,0.1531,0.1222,0.0911,0.040845,True,0.4589,1.3383,0,0.0,,6.427,6.096,6.096,0.091,0.067,4.844,0.25914,7.0469,192.936,849.5554,11.96,2,0.0,0.0,0.0,0,544.228,43.9758,0.6,2,0.0,0.0,0.0,0,0.0,0.0,,gap_s2_d0.50_v0.5_e008,2,20969d4257e2c6cafb45167f1c374f74ffa8eb7245d3ec03c4253c0dc3a78ce4,42,v0.5
stepping_stones,21,10,0.0149,0.0244,2.743,False,True,False,False,False,timeout,12.0001,1.782,6.0,0.297,0.1079,0.1458,,0.38,0.026318,False,,-0.8567,335,1072.479,4.98,89.795,11.718,21.655,0.4138,0.0776,5.901,0.28185,3.6728,354.994,441.4263,11.68,3,442.488,48.0937,0.42,2,477.166,160.313,7.78,10,1072.479,460.3389,6.7,3,1.11,0.9859,0.8882,stepping_stones_s2_d0.50_v0.5_e010,2,20969d4257e2c6cafb45167f1c374f74ffa8eb7245d3ec03c4253c0dc3a78ce4,42,v0.5
gap,31,9,0.0435,0.0489,3.101,False,True,True,True,False,timeout,12.0001,5.6862,6.0,0.9477,1.3167,1.3167,0.7945,0.0967,0.040158,False,0.4684,1.1411,0,0.0,,6.842,12.407,12.407,0.0871,0.0846,5.01,0.28182,7.7676,167.242,846.5346,11.98,2,0.0,0.0,0.0,0,349.368,8.5735,0.08,3,0.0,0.0,0.0,0,0.0,0.0,,gap_s2_d0.50_v0.5_e009,2,20969d4257e2c6cafb45167f1c374f74ffa8eb7245d3ec03c4253c0dc3a78ce4,42,v0.5
stepping_stones,27,8,0.0496,-0.0959,3.306,False,True,False,False,False,timeout,12.0001,1.1464,6.0,0.1911,0.0564,0.2582,,0.4097,0.025201,False,,-0.3751,36,1837.522,0.0,79.969,15.946,31.732,0.4331,0.0738,5.777,0.21137,2.6571,305.24,526.7902,11.76,3,779.803,240.9103,8.12,5,512.771,254.1362,8.64,11,1837.522,108.2552,0.72,4,1.11,1.01,0.9099,stepping_stones_s2_d0.50_v0.5_e008,2,20969d4257e2c6cafb45167f1c374f74ffa8eb7245d3ec03c4253c0dc3a78ce4,42,v0.5
gap,35,9,0.0458,0.0422,-3.977,True,True,True,True,True,timeout,12.0001,5.8308,6.0,0.9718,0.0352,0.1468,0.125,0.0913,0.040649,True,0.4748,1.3263,0,0.0,,6.284,5.737,5.737,0.0946,0.0671,4.932,0.25394,7.6774,254.341,845.035,11.94,1,0.0,0.0,0.0,0,408.81,41.2719,0.62,2,87.406,1.7481,0.02,1,0.0,0.0,,gap_s2_d0.50_v0.5_e009,2,20969d4257e2c6cafb45167f1c374f74ffa8eb7245d3ec03c4253c0dc3a78ce4,42,v0.5
stepping_stones,20,10,-0.0961,0.016,-3.17,False,True,False,False,False,timeout,12.0001,1.6156,6.0,0.2693,0.5051,0.5643,,0.3917,0.027083,False,,-0.1842,380,683.795,0.0,44.127,23.729,31.952,0.4127,0.1238,4.741,0.23639,2.0634,255.017,384.2859,4.92,4,223.009,1045.3966,7.82,6,230.302,55.9156,1.02,9,683.795,591.3957,7.6,4,1.115,1.01,0.9058,stepping_stones_s2_d0.50_v0.5_e010,2,20969d4257e2c6cafb45167f1c374f74ffa8eb7245d3ec03c4253c0dc3a78ce4,42,v0.5
gap,38,9,0.0945,-0.0636,-2.603,False,False,False,False,False,base_contact,1.96,0.7681,6.0,0.128,0.3554,0.3554,,0.5247,-0.016697,False,,-0.8369,4,71.124,0.88,160.738,49.308,49.308,0.5228,0.4288,11.122,1.23275,1.1314,253.471,134.458,1.4,6,850.681,105.4416,0.72,2,1517.33,117.1916,0.52,2,71.124,4.4232,0.08,1,0.0,0.0,,gap_s2_d0.50_v0.5_e009,2,20969d4257e2c6cafb45167f1c374f74ffa8eb7245d3ec03c4253c0dc3a78ce4,42,v0.5
gap,34,10,0.0454,0.0637,-2.033,True,True,True,True,True,timeout,12.0001,5.8315,6.0,0.9719,0.2979,0.2979,0.2446,0.0916,0.040555,True,0.478,1.4291,0,0.0,,6.419,5.728,5.728,0.0951,0.0677,4.924,0.24869,7.2805,144.786,846.4786,11.96,2,0.0,0.0,0.0,0,358.643,33.6221,0.6,2,0.0,0.0,0.0,0,0.0,0.0,,gap_s2_d0.50_v0.5_e010,2,20969d4257e2c6cafb45167f1c374f74ffa8eb7245d3ec03c4253c0dc3a78ce4,42,v0.5
stepping_stones,23,8,0.0325,-0.0809,3.557,False,True,False,False,False,timeout,12.0001,1.1688,6.0,0.1948,0.3758,0.3834,,0.4177,0.025728,False,,-0.3257,407,342.488,3.86,22.665,22.794,37.006,0.4398,0.0756,4.95,0.21234,2.2984,352.061,414.0992,11.74,5,570.62,941.9304,8.34,6,388.508,46.9656,1.18,9,342.488,588.3574,8.14,1,1.11,0.7231,0.6515,stepping_stones_s2_d0.50_v0.5_e008,2,20969d4257e2c6cafb45167f1c374f74ffa8eb7245d3ec03c4253c0dc3a78ce4,42,v0.5
stepping_stones,27,9,-0.0763,0.0575,-2.951,False,False,False,False,False,base_contact,5.0,1.5014,6.0,0.2502,0.3919,0.4862,,0.2935,0.026975,False,,-1.8307,0,0.0,,25.193,10.388,23.083,0.3517,0.2117,5.716,0.42552,3.2199,322.907,350.7449,4.84,3,549.604,29.1709,0.3,7,287.273,76.4983,1.0,9,0.0,0.0,0.0,0,1.115,0.9979,0.895,stepping_stones_s2_d0.50_v0.5_e009,2,20969d4257e2c6cafb45167f1c374f74ffa8eb7245d3ec03c4253c0dc3a78ce4,42,v0.5
stepping_stones,28,10,-0.0495,0.0043,-3.577,False,True,False,False,False,timeout,12.0001,1.8974,6.0,0.3162,0.4813,0.5024,,0.3754,0.025645,False,,-0.3475,354,1094.005,4.58,55.484,23.961,21.85,0.4078,0.097,6.999,0.26776,3.1141,350.581,943.9744,11.8,3,213.876,148.8469,6.48,4,349.219,258.698,8.66,11,1094.005,2256.4114,7.08,3,1.115,1.01,0.9058,stepping_stones_s2_d0.50_v0.5_e010,2,20969d4257e2c6cafb45167f1c374f74ffa8eb7245d3ec03c4253c0dc3a78ce4,42,v0.5
discrete_obstacles,0,8,0.0924,-0.0906,-1.117,True,True,True,True,True,timeout,12.0001,5.4242,6.0,0.904,0.0908,0.0908,0.0035,0.0822,0.040701,True,0.4738,0.5704,0,0.0,,6.518,8.384,10.974,0.0817,0.0647,4.751,0.23087,6.5514,281.762,831.8555,11.86,2,0.0,0.0,0.0,0,129.334,5.7022,0.08,1,0.0,0.0,0.0,0,0.155,0.1461,0.9426,discrete_obstacles_s2_d0.50_v0.5_e008,2,20969d4257e2c6cafb45167f1c374f74ffa8eb7245d3ec03c4253c0dc3a78ce4,42,v0.5
discrete_obstacles,1,8,0.0907,0.0601,-4.028,True,True,True,True,True,timeout,12.0001,5.4589,6.0,0.9098,0.5145,0.5145,0.2197,0.0803,0.04114,True,0.4366,0.845,0,0.0,,3.156,4.469,5.669,0.0738,0.0673,4.694,0.22283,7.8542,279.119,815.3521,11.86,2,0.0,0.0,0.0,0,0.0,0.0,0.0,0,0.0,0.0,0.0,0,0.155,0.05,0.3226,discrete_obstacles_s2_d0.50_v0.5_e008,2,20969d4257e2c6cafb45167f1c374f74ffa8eb7245d3ec03c4253c0dc3a78ce4,42,v0.5
discrete_obstacles,2,8,-0.0407,-0.0938,-1.846,True,True,True,True,True,timeout,12.0001,5.4616,6.0,0.9103,0.3349,0.3389,0.0931,0.0792,0.041016,True,0.4342,0.7289,0,0.0,,5.173,8.919,11.139,0.0781,0.0638,4.713,0.22897,6.5508,223.878,834.6445,11.88,2,0.0,0.0,0.0,0,132.636,3.5696,0.04,1,0.0,0.0,0.0,0,0.155,0.155,1.0,discrete_obstacles_s2_d0.50_v0.5_e008,2,20969d4257e2c6cafb45167f1c374f74ffa8eb7245d3ec03c4253c0dc3a78ce4,42,v0.5
discrete_obstacles,3,8,-0.0898,-0.0804,-3.796,True,True,True,True,True,timeout,12.0001,5.4321,6.0,0.9054,0.3574,0.3626,0.1477,0.0848,0.040477,True,0.4201,0.5363,0,0.0,,6.765,8.267,11.032,0.0854,0.0647,4.846,0.23895,6.4605,287.722,842.8862,11.88,2,0.0,0.0,0.0,0,22.838,1.1354,0.08,1,0.0,0.0,0.0,0,0.155,0.1504,0.97,discrete_obstacles_s2_d0.50_v0.5_e008,2,20969d4257e2c6cafb45167f1c374f74ffa8eb7245d3ec03c4253c0dc3a78ce4,42,v0.5
discrete_obstacles,4,8,-0.0443,-0.0143,-0.148,True,True,True,True,True,timeout,12.0001,5.4458,6.0,0.9076,0.5442,0.5465,0.2279,0.0801,0.041181,True,0.4456,0.8274,0,0.0,,3.417,4.607,5.84,0.0743,0.0666,4.635,0.21788,7.9365,256.526,825.269,11.88,2,0.0,0.0,0.0,0,0.0,0.0,0.0,0,0.0,0.0,0.0,0,0.21,0.05,0.2381,discrete_obstacles_s2_d0.50_v0.5_e008,2,20969d4257e2c6cafb45167f1c374f74ffa8eb7245d3ec03c4253c0dc3a78ce4,42,v0.5
discrete_obstacles,5,8,-0.0659,0.0383,-3.678,True,True,True,True,True,timeout,12.0001,5.5057,6.0,0.9176,0.3144,0.3144,0.1199,0.0801,0.040939,True,0.4196,0.6936,0,0.0,,3.463,6.99,6.921,0.0765,0.0658,4.757,0.2313,7.7505,305.306,827.1004,11.86,2,0.0,0.0,0.0,0,0.0,0.0,0.0,0,0.0,0.0,0.0,0,0.155,0.05,0.3226,discrete_obstacles_s2_d0.50_v0.5_e008,2,20969d4257e2c6cafb45167f1c374f74ffa8eb7245d3ec03c4253c0dc3a78ce4,42,v0.5
discrete_obstacles,6,8,-0.0296,-0.0444,3.808,True,True,True,True,True,timeout,12.0001,5.4095,6.0,0.9016,0.5386,0.5386,0.201,0.0809,0.041274,True,0.4702,0.7653,0,0.0,,3.346,3.492,4.991,0.0756,0.0666,4.608,0.21931,7.0861,246.704,820.4344,11.88,2,0.0,0.0,0.0,0,0.0,0.0,0.0,0,0.0,0.0,0.0,0,0.21,0.05,0.2381,discrete_obstacles_s2_d0.50_v0.5_e008,2,20969d4257e2c6cafb45167f1c374f74ffa8eb7245d3ec03c4253c0dc3a78ce4,42,v0.5
discrete_obstacles,7,8,0.0774,-0.0859,-4.767,True,True,True,True,True,timeout,12.0001,5.4677,6.0,0.9113,0.0134,0.0568,0.0541,0.0805,0.041028,True,0.4589,0.5997,0,0.0,,6.122,8.59,11.575,0.0797,0.0629,4.626,0.23574,6.2378,283.552,837.9768,11.86,2,0.0,0.0,0.0,0,111.131,10.1135,0.16,2,0.0,0.0,0.0,0,0.155,0.105,0.6774,discrete_obstacles_s2_d0.50_v0.5_e008,2,20969d4257e2c6cafb45167f1c374f74ffa8eb7245d3ec03c4253c0dc3a78ce4,42,v0.5
discrete_obstacles,8,8,0.0421,0.0013,0.453,True,True,True,True,True,timeout,12.0001,5.4736,6.0,0.9123,0.3735,0.3747,0.1517,0.0787,0.041198,True,0.4319,0.8456,0,0.0,,3.045,3.762,5.37,0.0735,0.0658,4.634,0.2215,7.6711,282.155,815.1343,11.88,2,0.0,0.0,0.0,0,0.0,0.0,0.0,0,0.0,0.0,0.0,0,0.21,0.05,0.2381,discrete_obstacles_s2_d0.50_v0.5_e008,2,20969d4257e2c6cafb45167f1c374f74ffa8eb7245d3ec03c4253c0dc3a78ce4,42,v0.5
discrete_obstacles,9,8,-0.0394,-0.0465,-3.809,True,True,True,True,True,timeout,12.0001,5.4589,6.0,0.9098,0.3605,0.3655,0.1119,0.0786,0.040989,True,0.4524,0.7431,0,0.0,,5.742,8.78,10.98,0.0778,0.0629,4.698,0.22993,6.6584,307.046,837.1129,11.88,2,0.0,0.0,0.0,0,0.0,0.0,0.0,0,0.0,0.0,0.0,0,0.155,0.05,0.3226,discrete_obstacles_s2_d0.50_v0.5_e008,2,20969d4257e2c6cafb45167f1c374f74ffa8eb7245d3ec03c4253c0dc3a78ce4,42,v0.5
wave,10,8,-0.0162,-0.0075,-0.711,True,True,True,True,True,timeout,12.0001,5.4873,6.0,0.9146,0.315,0.315,0.1008,0.0767,0.041765,True,0.5004,-0.0894,0,0.0,,3.742,6.513,9.013,0.071,0.0653,4.615,0.21222,7.2206,290.765,832.3621,11.92,2,0.0,0.0,0.0,0,0.0,0.0,0.0,0,0.0,0.0,0.0,0,0.1229,0.0713,0.5801,wave_s2_d0.50_v0.5_e008,2,20969d4257e2c6cafb45167f1c374f74ffa8eb7245d3ec03c4253c0dc3a78ce4,42,v0.5
wave,11,8,-0.0614,0.0817,-3.694,True,True,True,True,True,timeout,12.0001,5.4903,6.0,0.915,0.5015,0.5019,0.1707,0.0774,0.041818,True,0.5007,-0.0662,0,0.0,,3.562,6.823,9.429,0.0707,0.0666,4.612,0.20923,7.7154,331.283,838.4958,11.92,2,0.0,0.0,0.0,0,0.0,0.0,0.0,0,0.0,0.0,0.0,0,0.119,0.07,0.5881,wave_s2_d0.50_v0.5_e008,2,20969d4257e2c6cafb45167f1c374f74ffa8eb7245d3ec03c4253c0dc3a78ce4,42,v0.5
wave,12,8,0.0746,-0.0044,3.235,True,True,True,True,True,timeout,12.0001,5.5108,6.0,0.9185,0.3296,0.3296,0.0742,0.0766,0.041807,True,0.4805,-0.0638,0,0.0,,3.747,6.503,8.923,0.0694,0.0661,4.59,0.21235,7.5897,302.482,832.9983,11.94,2,0.0,0.0,0.0,0,0.0,0.0,0.0,0,0.0,0.0,0.0,0,0.138,0.0804,0.583,wave_s2_d0.50_v0.5_e008,2,20969d4257e2c6cafb45167f1c374f74ffa8eb7245d3ec03c4253c0dc3a78ce4,42,v0.5
wave,13,8,-0.06,0.0006,-2.962,True,True,True,True,True,timeout,12.0001,5.4721,6.0,0.912,0.4559,0.4565,0.1419,0.0772,0.041824,True,0.5115,-0.0736,0,0.0,,3.955,6.578,9.125,0.0713,0.066,4.603,0.20808,7.0087,325.997,833.0983,11.92,2,0.0,0.0,0.0,0,0.0,0.0,0.0,0,0.0,0.0,0.0,0,0.1272,0.072,0.5655,wave_s2_d0.50_v0.5_e008,2,20969d4257e2c6cafb45167f1c374f74ffa8eb7245d3ec03c4253c0dc3a78ce4,42,v0.5
wave,14,8,0.0961,-0.026,3.415,True,True,True,True,True,timeout,12.0001,5.5169,6.0,0.9195,0.2529,0.2534,0.0421,0.0777,0.041765,True,0.4901,-0.0603,0,0.0,,3.831,6.596,9.12,0.0692,0.0676,4.586,0.21089,7.4739,248.499,834.1784,11.94,2,0.0,0.0,0.0,0,0.0,0.0,0.0,0,0.0,0.0,0.0,0,0.1343,0.0757,0.5634,wave_s2_d0.50_v0.5_e008,2,20969d4257e2c6cafb45167f1c374f74ffa8eb7245d3ec03c4253c0dc3a78ce4,42,v0.5
wave,15,8,0.0707,0.0109,-1.912,True,True,True,True,True,timeout,12.0001,5.4697,6.0,0.9116,0.2914,0.2945,0.0628,0.0783,0.041831,True,0.4896,0.0,0,0.0,,3.748,6.663,9.131,0.071,0.0666,4.593,0.20757,7.4043,341.635,834.4376,11.94,2,0.0,0.0,0.0,0,0.0,0.0,0.0,0,0.0,0.0,0.0,0,0.1242,0.0713,0.5741,wave_s2_d0.50_v0.5_e008,2,20969d4257e2c6cafb45167f1c374f74ffa8eb7245d3ec03c4253c0dc3a78ce4,42,v0.5
wave,16,8,-0.0886,-0.0388,-3.646,True,True,True,True,True,timeout,12.0001,5.4708,6.0,0.9118,0.4505,0.4521,0.146,0.0777,0.04172,True,0.5146,0.0,0,0.0,,3.843,6.953,9.51,0.072,0.0659,4.609,0.21105,7.1667,325.874,832.3436,11.92,2,0.0,0.0,0.0,0,0.0,0.0,0.0,0,0.0,0.0,0.0,0,0.1314,0.0723,0.55,wave_s2_d0.50_v0.5_e008,2,20969d4257e2c6cafb45167f1c374f74ffa8eb7245d3ec03c4253c0dc3a78ce4,42,v0.5
wave,17,8,0.0759,0.0103,-4.364,True,True,True,True,True,timeout,12.0001,5.4728,6.0,0.9121,0.3504,0.3504,0.0728,0.0783,0.041854,True,0.467,-0.0583,0,0.0,,3.769,6.746,9.333,0.0701,0.0671,4.567,0.20556,7.1111,202.412,831.5903,11.94,2,0.0,0.0,0.0,0,0.0,0.0,0.0,0,0.0,0.0,0.0,0,0.1352,0.0762,0.5638,wave_s2_d0.50_v0.5_e008,2,20969d4257e2c6cafb45167f1c374f74ffa8eb7245d3ec03c4253c0dc3a78ce4,42,v0.5
wave,18,8,-0.0733,0.0723,4.471,True,True,True,True,True,timeout,12.0001,5.5429,6.0,0.9238,0.4859,0.4863,0.1581,0.0778,0.041824,True,0.5167,-0.0905,0,0.0,,3.701,6.434,9.151,0.0699,0.0685,4.52,0.21121,6.8339,293.606,835.0001,11.92,2,0.0,0.0,0.0,0,0.0,0.0,0.0,0,0.0,0.0,0.0,0,0.14,0.1099,0.785,wave_s2_d0.50_v0.5_e008,2,20969d4257e2c6cafb45167f1c374f74ffa8eb7245d3ec03c4253c0dc3a78ce4,42,v0.5
wave,19,8,-0.0555,-0.0792,-3.414,True,True,True,True,True,timeout,12.0001,5.4491,6.0,0.9082,0.4623,0.4623,0.1193,0.0781,0.041776,True,0.5062,-0.0659,0,0.0,,3.79,6.857,9.52,0.0727,0.0654,4.595,0.2078,7.163,253.137,836.7527,11.92,2,0.0,0.0,0.0,0,0.0,0.0,0.0,0,0.0,0.0,0.0,0,0.136,0.0724,0.5324,wave_s2_d0.50_v0.5_e008,2,20969d4257e2c6cafb45167f1c374f74ffa8eb7245d3ec03c4253c0dc3a78ce4,42,v0.5
gap,32,8,0.0026,0.0412,3.581,True,True,True,True,True,timeout,12.0001,5.7348,6.0,0.9558,0.2717,0.3233,0.3056,0.0947,0.040418,True,0.436,1.5758,0,0.0,,6.924,7.481,7.481,0.0964,0.0707,4.963,0.27701,6.8035,165.07,854.8514,11.96,2,0.0,0.0,0.0,0,593.38,45.8486,0.62,2,0.0,0.0,0.0,0,0.0,0.0,,gap_s2_d0.50_v0.5_e008,2,20969d4257e2c6cafb45167f1c374f74ffa8eb7245d3ec03c4253c0dc3a78ce4,42,v0.5
gap,36,8,-0.0938,0.0268,4.183,True,True,True,True,True,timeout,12.0001,5.761,6.0,0.9602,0.2845,0.3087,0.2909,0.095,0.040365,True,0.4287,1.377,0,0.0,,7.403,6.552,6.552,0.1027,0.0684,4.933,0.2514,7.3301,162.826,842.9958,11.96,2,0.0,0.0,0.0,0,741.311,52.5064,0.58,2,0.0,0.0,0.0,0,0.0,0.0,,gap_s2_d0.50_v0.5_e008,2,20969d4257e2c6cafb45167f1c374f74ffa8eb7245d3ec03c4253c0dc3a78ce4,42,v0.5
gap,37,8,0.0611,0.0254,2.346,False,True,True,True,False,timeout,12.0001,5.5482,6.0,0.9247,1.8399,1.8399,1.0962,0.0987,0.039862,False,0.4624,1.0634,0,0.0,,7.426,11.231,11.231,0.0837,0.0951,5.04,0.29322,7.4281,189.2,852.222,11.96,2,0.0,0.0,0.0,0,265.537,7.5684,0.1,2,0.0,0.0,0.0,0,0.0,0.0,,gap_s2_d0.50_v0.5_e008,2,20969d4257e2c6cafb45167f1c374f74ffa8eb7245d3ec03c4253c0dc3a78ce4,42,v0.5
gap,39,8,-0.0582,-0.0179,-2.597,True,True,True,True,True,timeout,12.0001,5.7815,6.0,0.9636,0.3592,0.3592,0.0118,0.0965,0.040395,True,0.4617,1.6321,0,0.0,,6.978,7.458,7.458,0.102,0.0693,4.942,0.26734,7.4665,167.954,848.4396,11.96,2,23.478,0.4696,0.02,1,471.253,44.0485,0.62,2,0.0,0.0,0.0,0,0.0,0.0,,gap_s2_d0.50_v0.5_e008,2,20969d4257e2c6cafb45167f1c374f74ffa8eb7245d3ec03c4253c0dc3a78ce4,42,v0.5
pit,40,8,-0.0808,0.0712,4.942,True,True,True,True,True,timeout,12.0001,5.6198,6.0,0.9366,0.2442,0.2504,0.143,0.0791,0.04187,True,0.4658,0.8424,0,0.0,,6.583,14.814,24.757,0.0679,0.065,4.702,0.23129,6.9515,155.028,827.706,11.98,2,0.0,0.0,0.0,0,0.0,0.0,0.0,0,0.0,0.0,0.0,0,0.2,0.2,1.0,pit_s2_d0.50_v0.5_e008,2,20969d4257e2c6cafb45167f1c374f74ffa8eb7245d3ec03c4253c0dc3a78ce4,42,v0.5
pit,41,8,-0.0161,-0.0232,-4.201,True,True,True,True,True,timeout,12.0001,5.6252,6.0,0.9375,0.2191,0.2275,0.1544,0.0794,0.041769,True,0.466,0.841,0,0.0,,6.766,15.104,24.984,0.0687,0.0636,4.686,0.2333,6.9259,131.974,830.2845,11.98,2,0.0,0.0,0.0,0,0.0,0.0,0.0,0,0.0,0.0,0.0,0,0.2,0.2,1.0,pit_s2_d0.50_v0.5_e008,2,20969d4257e2c6cafb45167f1c374f74ffa8eb7245d3ec03c4253c0dc3a78ce4,42,v0.5
pit,42,8,-0.0048,0.0222,-3.603,True,True,True,True,True,timeout,12.0001,5.635,6.0,0.9392,0.2014,0.2107,0.1441,0.0784,0.041824,True,0.4696,0.8475,0,0.0,,7.225,15.016,24.953,0.0693,0.0625,4.693,0.23578,7.0166,129.06,831.0266,11.96,2,0.0,0.0,0.0,0,0.0,0.0,0.0,0,0.0,0.0,0.0,0,0.2,0.2,1.0,pit_s2_d0.50_v0.5_e008,2,20969d4257e2c6cafb45167f1c374f74ffa8eb7245d3ec03c4253c0dc3a78ce4,42,v0.5
pit,43,8,0.029,0.0397,-2.798,True,True,True,True,True,timeout,12.0001,5.6484,6.0,0.9414,0.2253,0.2371,0.1724,0.0787,0.041787,True,0.4674,0.8473,0,0.0,,6.997,14.921,24.768,0.0696,0.0626,4.687,0.23839,6.9102,134.623,834.7349,11.98,2,0.0,0.0,0.0,0,0.0,0.0,0.0,0,0.0,0.0,0.0,0,0.2,0.2,1.0,pit_s2_d0.50_v0.5_e008,2,20969d4257e2c6cafb45167f1c374f74ffa8eb7245d3ec03c4253c0dc3a78ce4,42,v0.5
pit,44,8,0.0604,0.0148,2.615,True,True,True,True,True,timeout,12.0001,5.6461,6.0,0.941,0.1416,0.1518,0.1348,0.0786,0.041714,True,0.467,0.8296,0,0.0,,6.865,14.828,24.567,0.0701,0.0623,4.695,0.24347,6.9889,142.899,836.7045,11.98,2,0.0,0.0,0.0,0,38.035,0.7607,0.02,1,0.0,0.0,0.0,0,0.2,0.2,1.0,pit_s2_d0.50_v0.5_e008,2,20969d4257e2c6cafb45167f1c374f74ffa8eb7245d3ec03c4253c0dc3a78ce4,42,v0.5
pit,45,8,0.0855,0.007,-4.254,True,True,True,True,True,timeout,12.0001,5.6403,6.0,0.9401,0.1154,0.1291,0.1268,0.0785,0.041729,True,0.4674,0.8426,0,0.0,,6.772,14.919,24.639,0.0694,0.0623,4.709,0.24626,6.6298,139.477,834.619,11.98,2,0.0,0.0,0.0,0,101.592,2.0318,0.02,1,0.0,0.0,0.0,0,0.2,0.2,1.0,pit_s2_d0.50_v0.5_e008,2,20969d4257e2c6cafb45167f1c374f74ffa8eb7245d3ec03c4253c0dc3a78ce4,42,v0.5
pit,46,8,0.0704,0.0757,-4.214,True,True,True,True,True,timeout,12.0001,5.6459,6.0,0.941,0.1363,0.1487,0.1373,0.0783,0.041839,True,0.4702,0.8438,0,0.0,,6.87,15.022,24.711,0.0695,0.0621,4.691,0.24281,6.8821,201.022,835.3625,11.96,2,0.0,0.0,0.0,0,72.121,1.4424,0.02,1,0.0,0.0,0.0,0,0.2,0.2,1.0,pit_s2_d0.50_v0.5_e008,2,20969d4257e2c6cafb45167f1c374f74ffa8eb7245d3ec03c4253c0dc3a78ce4,42,v0.5
pit,47,8,-0.0077,-0.0173,3.949,True,True,True,True,True,timeout,12.0001,5.6349,6.0,0.9392,0.2809,0.287,0.1719,0.0788,0.04181,True,0.4653,0.8416,0,0.0,,7.034,14.839,24.668,0.0694,0.0624,4.689,0.23582,6.9044,133.492,830.676,11.98,2,0.0,0.0,0.0,0,0.0,0.0,0.0,0,0.0,0.0,0.0,0,0.2,0.2,1.0,pit_s2_d0.50_v0.5_e008,2,20969d4257e2c6cafb45167f1c374f74ffa8eb7245d3ec03c4253c0dc3a78ce4,42,v0.5
pit,48,8,-0.0411,0.0304,2.712,True,True,True,True,True,timeout,12.0001,5.6196,6.0,0.9366,0.2251,0.2312,0.1357,0.0789,0.041819,True,0.4688,0.8421,0,0.0,,6.991,14.828,24.826,0.0693,0.0631,4.706,0.23316,7.3137,118.778,824.658,11.96,2,0.0,0.0,0.0,0,0.0,0.0,0.0,0,0.0,0.0,0.0,0,0.2,0.2,1.0,pit_s2_d0.50_v0.5_e008,2,20969d4257e2c6cafb45167f1c374f74ffa8eb7245d3ec03c4253c0dc3a78ce4,42,v0.5
pit,49,8,-0.0601,0.0478,-4.688,True,True,True,True,True,timeout,12.0001,5.6199,6.0,0.9366,0.1954,0.1988,0.1208,0.0788,0.041914,True,0.4649,0.8442,0,0.0,,6.844,15.196,25.073,0.0685,0.0637,4.689,0.23158,7.0216,129.826,826.8569,11.96,2,0.0,0.0,0.0,0,0.0,0.0,0.0,0,0.0,0.0,0.0,0,0.2,0.2,1.0,pit_s2_d0.50_v0.5_e008,2,20969d4257e2c6cafb45167f1c374f74ffa8eb7245d3ec03c4253c0dc3a78ce4,42,v0.5
rails,50,8,-0.0876,-0.0309,1.476,True,True,True,True,True,timeout,12.0001,5.5009,6.0,0.9168,0.4192,0.4192,0.148,0.0793,0.040952,True,0.4431,0.7684,0,0.0,,3.348,6.128,6.201,0.0651,0.0716,4.782,0.26583,6.5054,163.683,837.8685,11.96,2,0.0,0.0,0.0,0,194.815,88.3058,1.56,5,0.0,0.0,0.0,0,0.115,0.115,1.0,rails_s2_d0.50_v0.5_e008,2,20969d4257e2c6cafb45167f1c374f74ffa8eb7245d3ec03c4253c0dc3a78ce4,42,v0.5
rails,51,8,-0.0,-0.0441,-2.612,True,True,True,True,True,timeout,12.0001,5.4421,6.0,0.907,0.792,0.792,0.3261,0.0797,0.040956,True,0.4705,0.6631,0,0.0,,3.339,6.672,7.298,0.0669,0.0693,4.841,0.26592,5.8187,184.808,848.8786,11.96,2,0.0,0.0,0.0,0,204.633,94.528,1.6,5,0.0,0.0,0.0,0,0.115,0.115,1.0,rails_s2_d0.50_v0.5_e008,2,20969d4257e2c6cafb45167f1c374f74ffa8eb7245d3ec03c4253c0dc3a78ce4,42,v0.5
rails,52,8,-0.0044,-0.0683,-4.848,True,True,True,True,True,timeout,12.0001,5.4864,6.0,0.9144,0.0959,0.0998,0.0066,0.0796,0.04102,True,0.4842,0.7598,0,0.0,,3.147,6.733,7.091,0.0661,0.0696,4.801,0.26441,6.0694,152.404,839.89,11.96,2,0.0,0.0,0.0,0,216.407,93.5614,1.64,4,0.0,0.0,0.0,0,0.115,0.115,1.0,rails_s2_d0.50_v0.5_e008,2,20969d4257e2c6cafb45167f1c374f74ffa8eb7245d3ec03c4253c0dc3a78ce4,42,v0.5
rails,53,8,0.0463,-0.0189,0.377,True,True,True,True,True,timeout,12.0001,5.4142,6.0,0.9024,0.5173,0.5181,0.2475,0.0899,0.040972,True,0.5086,0.0588,0,0.0,,5.736,4.766,5.271,0.0849,0.074,4.743,0.26622,5.3506,169.929,851.5208,11.96,2,181.782,3.8862,0.04,1,103.058,37.5954,0.84,4,0.0,0.0,0.0,0,0.115,0.115,1.0,rails_s2_d0.50_v0.5_e008,2,20969d4257e2c6cafb45167f1c374f74ffa8eb7245d3ec03c4253c0dc3a78ce4,42,v0.5
rails,54,8,0.0085,-0.0064,-1.965,True,True,True,True,True,timeout,12.0001,5.4434,6.0,0.9072,0.4588,0.4622,0.1998,0.0864,0.040897,True,0.496,0.1461,0,0.0,,5.363,4.494,5.386,0.0821,0.0705,4.717,0.25895,5.4152,116.428,845.3862,11.96,2,37.779,1.3881,0.06,1,109.902,37.7432,0.8,5,0.0,0.0,0.0,0,0.115,0.115,1.0,rails_s2_d0.50_v0.5_e008,2,20969d4257e2c6cafb45167f1c374f74ffa8eb7245d3ec03c4253c0dc3a78ce4,42,v0.5
rails,55,8,-0.0957,0.096,4.183,True,True,True,True,True,timeout,12.0001,5.5077,6.0,0.9179,0.3638,0.3718,0.1565,0.0798,0.041375,True,0.4283,0.7376,0,0.0,,3.211,5.624,6.061,0.0655,0.0712,4.743,0.26089,5.8487,177.686,842.8405,11.98,2,0.0,0.0,0.0,0,176.732,93.5181,1.58,4,0.0,0.0,0.0,0,0.115,0.115,1.0,rails_s2_d0.50_v0.5_e008,2,20969d4257e2c6cafb45167f1c374f74ffa8eb7245d3ec03c4253c0dc3a78ce4,42,v0.5
rails,56,8,-0.0092,0.0368,4.53,True,True,True,True,True,timeout,12.0001,5.5326,6.0,0.9221,0.4371,0.4371,0.1739,0.0827,0.041365,True,0.4492,0.5972,0,0.0,,4.69,4.745,5.43,0.0668,0.0745,4.7,0.25276,5.664,165.115,849.2798,11.96,2,0.0,0.0,0.0,0,284.403,43.1927,0.74,6,0.0,0.0,0.0,0,0.115,0.115,1.0,rails_s2_d0.50_v0.5_e008,2,20969d4257e2c6cafb45167f1c374f74ffa8eb7245d3ec03c4253c0dc3a78ce4,42,v0.5
rails,57,8,-0.0544,-0.0935,-0.185,True,True,True,True,True,timeout,12.0001,5.4648,6.0,0.9108,0.236,0.236,0.0448,0.0839,0.04094,True,0.366,0.7159,0,0.0,,3.425,6.957,7.268,0.0675,0.0761,4.794,0.25844,5.6869,142.533,841.3615,11.98,2,0.0,0.0,0.0,0,129.602,60.6502,1.06,5,0.0,0.0,0.0,0,0.115,0.115,1.0,rails_s2_d0.50_v0.5_e008,2,20969d4257e2c6cafb45167f1c374f74ffa8eb7245d3ec03c4253c0dc3a78ce4,42,v0.5
rails,58,8,-0.004,-0.0669,2.776,True,True,True,True,True,timeout,12.0001,5.4528,6.0,0.9088,0.5578,0.5594,0.2502,0.0877,0.041053,True,0.4723,0.3055,0,0.0,,5.398,4.024,5.049,0.0756,0.0769,4.753,0.26094,5.9759,138.602,849.0251,11.96,2,0.0,0.0,0.0,0,276.84,38.3831,0.84,6,0.0,0.0,0.0,0,0.115,0.115,1.0,rails_s2_d0.50_v0.5_e008,2,20969d4257e2c6cafb45167f1c374f74ffa8eb7245d3ec03c4253c0dc3a78ce4,42,v0.5
rails,59,8,-0.0893,0.0423,-1.049,True,True,True,True,True,timeout,12.0001,5.5372,6.0,0.9229,0.0874,0.0917,0.0262,0.0827,0.041415,True,0.4276,0.7236,0,0.0,,3.448,4.92,5.263,0.0664,0.0748,4.743,0.25584,5.7777,124.767,840.725,11.98,2,0.0,0.0,0.0,0,267.504,63.8549,1.22,4,0.0,0.0,0.0,0,0.115,0.115,1.0,rails_s2_d0.50_v0.5_e008,2,20969d4257e2c6cafb45167f1c374f74ffa8eb7245d3ec03c4253c0dc3a78ce4,42,v0.5
star,60,8,0.0606,0.089,-3.009,True,True,True,True,True,timeout,12.0001,5.5505,6.0,0.9251,0.6466,0.6466,0.2186,0.0758,0.041945,True,0.4765,0.8437,0,0.0,,6.154,3.553,5.961,0.0584,0.072,4.62,0.20366,8.9253,155.02,843.3406,11.96,2,0.0,0.0,0.0,0,0.0,0.0,0.0,0,0.0,0.0,0.0,0,0.105,0.0,0.0001,star_s2_d0.50_v0.5_e008,2,20969d4257e2c6cafb45167f1c374f74ffa8eb7245d3ec03c4253c0dc3a78ce4,42,v0.5
star,61,8,0.076,-0.0093,0.818,True,True,True,True,True,timeout,12.0001,5.6657,6.0,0.9443,0.6094,0.6123,0.2662,0.0778,0.041864,True,0.6334,0.8354,0,0.0,,7.203,6.849,10.008,0.0647,0.07,4.594,0.21986,7.3988,179.996,849.4451,11.96,2,0.0,0.0,0.0,0,90.037,9.8364,0.16,1,0.0,0.0,0.0,0,0.105,0.105,1.0,star_s2_d0.50_v0.5_e008,2,20969d4257e2c6cafb45167f1c374f74ffa8eb7245d3ec03c4253c0dc3a78ce4,42,v0.5
star,62,8,0.0123,-0.0085,0.887,True,True,True,True,True,timeout,12.0001,5.6544,6.0,0.9424,0.5033,0.5068,0.2758,0.0746,0.041823,True,0.6617,0.8444,0,0.0,,7.543,7.03,10.374,0.0633,0.0672,4.583,0.22172,7.5242,118.4,860.5095,11.98,2,0.0,0.0,0.0,0,106.296,5.1855,0.12,3,0.0,0.0,0.0,0,0.105,0.105,1.0,star_s2_d0.50_v0.5_e008,2,20969d4257e2c6cafb45167f1c374f74ffa8eb7245d3ec03c4253c0dc3a78ce4,42,v0.5
star,63,8,-0.0296,-0.0939,-3.746,True,True,True,True,True,timeout,12.0001,5.5119,6.0,0.9186,0.4978,0.4978,0.1409,0.0792,0.041577,True,0.4864,0.6784,0,0.0,,4.594,8.524,9.471,0.0695,0.0691,4.796,0.2187,7.8959,171.782,852.3778,11.96,2,0.0,0.0,0.0,0,0.0,0.0,0.0,0,0.0,0.0,0.0,0,0.105,0.0,0.0001,star_s2_d0.50_v0.5_e008,2,20969d4257e2c6cafb45167f1c374f74ffa8eb7245d3ec03c4253c0dc3a78ce4,42,v0.5
star,64,8,-0.0301,0.011,0.273,True,True,True,True,True,timeout,12.0001,5.6755,6.0,0.9459,0.6437,0.6456,0.2416,0.0776,0.041621,True,0.4998,0.8383,0,0.0,,7.184,7.045,10.242,0.0642,0.0704,4.637,0.21729,7.6132,130.851,849.2678,11.98,2,0.0,0.0,0.0,0,98.758,11.9344,0.2,1,0.0,0.0,0.0,0,0.105,0.105,1.0,star_s2_d0.50_v0.5_e008,2,20969d4257e2c6cafb45167f1c374f74ffa8eb7245d3ec03c4253c0dc3a78ce4,42,v0.5
star,65,8,0.0568,-0.0141,-2.806,True,True,True,True,True,timeout,12.0001,5.4876,6.0,0.9146,0.5349,0.5361,0.2031,0.0789,0.041935,True,0.466,0.8425,0,0.0,,3.497,3.775,6.119,0.0623,0.0703,4.606,0.20307,8.8407,112.185,835.1026,11.98,2,0.0,0.0,0.0,0,0.0,0.0,0.0,0,0.0,0.0,0.0,0,0.105,0.0,0.0001,star_s2_d0.50_v0.5_e008,2,20969d4257e2c6cafb45167f1c374f74ffa8eb7245d3ec03c4253c0dc3a78ce4,42,v0.5
star,66,8,-0.0194,-0.0488,-1.752,True,True,True,True,True,timeout,12.0001,5.4774,6.0,0.9129,0.6765,0.6765,0.2214,0.0783,0.041991,True,0.4598,0.8462,0,0.0,,4.696,4.006,6.138,0.0617,0.0706,4.624,0.203,9.0524,138.942,837.1659,11.96,2,0.0,0.0,0.0,0,0.0,0.0,0.0,0,0.0,0.0,0.0,0,0.105,0.0,0.0001,star_s2_d0.50_v0.5_e008,2,20969d4257e2c6cafb45167f1c374f74ffa8eb7245d3ec03c4253c0dc3a78ce4,42,v0.5
star,67,8,0.0219,0.0323,3.603,True,True,True,True,True,timeout,12.0001,5.6786,6.0,0.9464,0.4047,0.4047,0.2466,0.0765,0.04183,True,0.4212,0.8377,0,0.0,,6.856,7.581,11.395,0.0647,0.0673,4.581,0.2256,6.3933,184.103,850.1693,11.98,2,0.0,0.0,0.0,0,93.168,11.4042,0.22,1,0.0,0.0,0.0,0,0.105,0.105,1.0,star_s2_d0.50_v0.5_e008,2,20969d4257e2c6cafb45167f1c374f74ffa8eb7245d3ec03c4253c0dc3a78ce4,42,v0.5
star,68,8,0.0481,-0.0452,2.652,True,True,True,True,True,timeout,12.0001,5.64,6.0,0.94,0.5604,0.5605,0.2802,0.0763,0.041847,True,0.4836,0.8405,0,0.0,,7.255,7.377,10.926,0.0641,0.0688,4.596,0.22902,6.95,126.668,851.743,11.96,2,0.0,0.0,0.0,0,99.028,9.744,0.16,3,0.0,0.0,0.0,0,0.105,0.105,1.0,star_s2_d0.50_v0.5_e008,2,20969d4257e2c6cafb45167f1c374f74ffa8eb7245d3ec03c4253c0dc3a78ce4,42,v0.5
star,69,8,0.0307,0.0633,3.503,True,True,True,True,True,timeout,12.0001,5.6785,6.0,0.9464,0.5103,0.5103,0.2194,0.0761,0.041891,True,0.4508,0.7782,0,0.0,,7.323,7.497,10.937,0.0666,0.0656,4.564,0.22253,5.839,168.217,846.4043,11.96,2,0.0,0.0,0.0,0,107.251,8.552,0.14,2,0.0,0.0,0.0,0,0.105,0.105,1.0,star_s2_d0.50_v0.5_e008,2,20969d4257e2c6cafb45167f1c374f74ffa8eb7245d3ec03c4253c0dc3a78ce4,42,v0.5
floating_ring,70,8,0.0813,0.0787,4.332,True,True,True,True,True,timeout,12.0001,5.3835,6.0,0.8973,0.3709,0.3726,0.2819,0.0923,0.040711,True,0.4725,0.4933,0,0.0,,7.585,15.721,20.698,0.0907,0.0663,4.711,0.25954,6.4267,158.284,849.1198,11.98,2,0.0,0.0,0.0,0,120.813,31.0838,0.72,5,0.0,0.0,0.0,0,0.225,0.225,1.0,floating_ring_s2_d0.50_v0.5_e008,2,20969d4257e2c6cafb45167f1c374f74ffa8eb7245d3ec03c4253c0dc3a78ce4,42,v0.5
floating_ring,71,8,-0.0908,-0.0119,0.524,True,True,True,True,True,timeout,12.0001,5.4609,6.0,0.9101,0.1181,0.1211,0.0305,0.0895,0.041177,True,0.4642,0.7849,0,0.0,,6.532,16.519,21.703,0.0853,0.0641,4.706,0.23653,7.1003,209.035,839.1714,11.96,2,0.0,0.0,0.0,0,87.045,16.5531,0.38,4,0.0,0.0,0.0,0,0.225,0.225,1.0,floating_ring_s2_d0.50_v0.5_e008,2,20969d4257e2c6cafb45167f1c374f74ffa8eb7245d3ec03c4253c0dc3a78ce4,42,v0.5
floating_ring,72,8,-0.0954,0.0646,3.963,True,True,True,True,True,timeout,12.0001,5.5174,6.0,0.9196,0.5649,0.567,0.2145,0.0868,0.041133,True,0.4682,0.821,0,0.0,,5.424,13.646,18.974,0.0798,0.0652,4.739,0.27614,6.3064,273.979,849.0173,11.98,2,0.0,0.0,0.0,0,115.401,22.6947,0.56,4,0.0,0.0,0.0,0,0.225,0.225,1.0,floating_ring_s2_d0.50_v0.5_e008,2,20969d4257e2c6cafb45167f1c374f74ffa8eb7245d3ec03c4253c0dc3a78ce4,42,v0.5
floating_ring,73,8,-0.0856,-0.0951,0.617,True,True,True,True,True,timeout,12.0001,5.4761,6.0,0.9127,0.098,0.1004,0.0252,0.0889,0.041235,True,0.4678,0.7883,0,0.0,,6.551,16.551,21.878,0.0847,0.0638,4.697,0.23691,6.9868,172.95,837.9421,11.96,2,0.0,0.0,0.0,0,77.476,15.7649,0.3,1,0.0,0.0,0.0,0,0.225,0.225,1.0,floating_ring_s2_d0.50_v0.5_e008,2,20969d4257e2c6cafb45167f1c374f74ffa8eb7245d3ec03c4253c0dc3a78ce4,42,v0.5
floating_ring,74,8,-0.0554,-0.0446,0.272,True,True,True,True,True,timeout,12.0001,5.5836,6.0,0.9306,0.2999,0.3026,0.153,0.0828,0.041218,True,0.4625,0.7694,0,0.0,,7.664,15.662,20.419,0.0731,0.0667,4.711,0.24812,6.3901,196.856,847.4148,11.96,2,0.0,0.0,0.0,0,357.139,37.767,0.6,4,0.0,0.0,0.0,0,0.225,0.225,1.0,floating_ring_s2_d0.50_v0.5_e008,2,20969d4257e2c6cafb45167f1c374f74ffa8eb7245d3ec03c4253c0dc3a78ce4,42,v0.5
floating_ring,75,8,-0.0896,-0.0638,-1.586,True,True,True,True,True,timeout,12.0001,5.5743,6.0,0.929,0.16,0.1658,0.0127,0.0812,0.041362,True,0.4625,0.7847,0,0.0,,6.573,16.548,20.961,0.0732,0.0633,4.699,0.23703,6.8158,174.13,837.2344,11.96,2,0.0,0.0,0.0,0,174.527,24.6246,0.5,2,0.0,0.0,0.0,0,0.225,0.225,1.0,floating_ring_s2_d0.50_v0.5_e008,2,20969d4257e2c6cafb45167f1c374f74ffa8eb7245d3ec03c4253c0dc3a78ce4,42,v0.5
floating_ring,76,8,0.0378,-0.061,3.673,True,True,True,True,True,timeout,12.0001,5.5298,6.0,0.9216,0.1653,0.1812,0.163,0.0867,0.041151,True,0.4452,0.5245,0,0.0,,7.178,15.74,20.061,0.0774,0.0703,4.747,0.25474,6.684,131.474,849.6115,11.96,2,0.0,0.0,0.0,0,104.322,40.6544,0.88,6,0.0,0.0,0.0,0,0.225,0.225,1.0,floating_ring_s2_d0.50_v0.5_e008,2,20969d4257e2c6cafb45167f1c374f74ffa8eb7245d3ec03c4253c0dc3a78ce4,42,v0.5
floating_ring,77,8,-0.0128,-0.0715,4.404,True,True,True,True,True,timeout,12.0001,5.4319,6.0,0.9053,0.3297,0.3326,0.2615,0.0889,0.040999,True,0.4683,0.7263,0,0.0,,7.082,15.457,20.362,0.0875,0.0622,4.692,0.24537,6.6826,240.844,856.8741,11.98,2,0.0,0.0,0.0,0,228.846,12.5403,0.2,4,0.0,0.0,0.0,0,0.225,0.225,1.0,floating_ring_s2_d0.50_v0.5_e008,2,20969d4257e2c6cafb45167f1c374f74ffa8eb7245d3ec03c4253c0dc3a78ce4,42,v0.5
floating_ring,78,8,0.0638,-0.0885,4.309,True,True,True,True,True,timeout,12.0001,5.4059,6.0,0.901,0.3636,0.3636,0.2677,0.0931,0.040519,True,0.4431,0.4544,0,0.0,,7.102,15.192,20.182,0.0934,0.0657,4.674,0.25666,6.3129,161.342,850.3707,11.98,2,0.0,0.0,0.0,0,120.737,34.0778,0.76,8,0.0,0.0,0.0,0,0.225,0.225,1.0,floating_ring_s2_d0.50_v0.5_e008,2,20969d4257e2c6cafb45167f1c374f74ffa8eb7245d3ec03c4253c0dc3a78ce4,42,v0.5
floating_ring,79,8,0.0483,0.0105,-3.643,True,True,True,True,True,timeout,12.0001,5.4097,6.0,0.9016,0.1194,0.2111,0.1735,0.0932,0.040916,True,0.4749,0.5758,0,0.0,,7.254,15.462,20.514,0.0879,0.0684,4.695,0.2531,6.6269,175.991,847.9308,11.98,2,0.0,0.0,0.0,0,120.994,39.213,0.82,7,0.0,0.0,0.0,0,0.225,0.225,1.0,floating_ring_s2_d0.50_v0.5_e008,2,20969d4257e2c6cafb45167f1c374f74ffa8eb7245d3ec03c4253c0dc3a78ce4,42,v0.5
repeated_boxes,80,8,-0.0713,-0.0798,-2.7,True,True,True,True,True,timeout,12.0001,5.4972,6.0,0.9162,0.2466,0.2466,0.1067,0.0757,0.041967,True,0.4824,0.8356,0,0.0,,3.201,5.247,7.692,0.0622,0.0652,4.627,0.21421,7.6108,159.851,821.8755,11.98,2,0.0,0.0,0.0,0,0.0,0.0,0.0,0,0.0,0.0,0.0,0,0.084,0.06,0.7144,repeated_boxes_s2_d0.50_v0.5_e008,2,20969d4257e2c6cafb45167f1c374f74ffa8eb7245d3ec03c4253c0dc3a78ce4,42,v0.5
repeated_boxes,81,8,-0.0743,0.0793,-4.317,True,True,True,True,True,timeout,12.0001,5.4917,6.0,0.9153,0.2717,0.2717,0.1205,0.0758,0.042004,True,0.4779,0.8359,0,0.0,,2.888,5.314,8.023,0.0625,0.065,4.631,0.21416,7.7298,154.748,821.4874,11.96,2,0.0,0.0,0.0,0,0.0,0.0,0.0,0,0.0,0.0,0.0,0,0.084,0.06,0.7141,repeated_boxes_s2_d0.50_v0.5_e008,2,20969d4257e2c6cafb45167f1c374f74ffa8eb7245d3ec03c4253c0dc3a78ce4,42,v0.5
repeated_boxes,82,8,-0.0595,0.0288,2.743,True,True,True,True,True,timeout,12.0001,5.4464,6.0,0.9077,0.3971,0.3971,0.1345,0.081,0.041733,True,0.481,0.6962,0,0.0,,3.023,8.468,11.306,0.0674,0.0691,4.632,0.21955,6.7788,146.498,834.9897,11.96,2,0.0,0.0,0.0,0,39.78,4.1127,0.16,3,0.0,0.0,0.0,0,0.084,0.0688,0.8196,repeated_boxes_s2_d0.50_v0.5_e008,2,20969d4257e2c6cafb45167f1c374f74ffa8eb7245d3ec03c4253c0dc3a78ce4,42,v0.5
repeated_boxes,83,8,-0.084,0.0225,4.068,True,True,True,True,True,timeout,12.0001,5.443,6.0,0.9072,0.4461,0.4461,0.1246,0.0817,0.041531,True,0.4615,0.5457,0,0.0,,3.311,6.093,8.354,0.0683,0.0712,4.698,0.23217,5.9655,133.363,839.4527,11.98,2,0.0,0.0,0.0,0,43.244,7.0834,0.26,3,0.0,0.0,0.0,0,0.084,0.0666,0.7932,repeated_boxes_s2_d0.50_v0.5_e008,2,20969d4257e2c6cafb45167f1c374f74ffa8eb7245d3ec03c4253c0dc3a78ce4,42,v0.5
repeated_boxes,84,8,-0.0114,-0.095,-0.263,True,True,True,True,True,timeout,12.0001,5.4625,6.0,0.9104,0.2261,0.2341,0.114,0.0777,0.041919,True,0.4346,0.7952,0,0.0,,2.773,6.575,9.103,0.0633,0.0662,4.64,0.21325,7.5249,142.319,821.3023,11.98,2,0.0,0.0,0.0,0,24.795,1.7788,0.08,1,0.0,0.0,0.0,0,0.0837,0.06,0.7166,repeated_boxes_s2_d0.50_v0.5_e008,2,20969d4257e2c6cafb45167f1c374f74ffa8eb7245d3ec03c4253c0dc3a78ce4,42,v0.5
repeated_boxes,85,8,0.049,-0.0892,1.083,True,True,True,True,True,timeout,12.0001,5.4683,6.0,0.9114,0.3585,0.3585,0.1291,0.0815,0.04189,True,0.4749,0.7913,0,0.0,,3.202,4.665,7.281,0.0658,0.0715,4.611,0.21875,6.7012,172.12,828.9497,11.96,2,0.0,0.0,0.0,0,68.241,14.0018,0.28,2,0.0,0.0,0.0,0,0.0841,0.0725,0.8622,repeated_boxes_s2_d0.50_v0.5_e008,2,20969d4257e2c6cafb45167f1c374f74ffa8eb7245d3ec03c4253c0dc3a78ce4,42,v0.5
repeated_boxes,86,8,0.096,-0.0741,2.261,True,True,True,True,True,timeout,12.0001,5.4799,6.0,0.9133,0.2534,0.2534,0.1249,0.0779,0.042022,True,0.4508,0.7838,0,0.0,,3.11,5.012,7.66,0.0638,0.0674,4.586,0.21772,6.5858,139.559,833.3477,11.96,2,0.0,0.0,0.0,0,94.67,15.8601,0.32,2,0.0,0.0,0.0,0,0.084,0.0708,0.8429,repeated_boxes_s2_d0.50_v0.5_e008,2,20969d4257e2c6cafb45167f1c374f74ffa8eb7245d3ec03c4253c0dc3a78ce4,42,v0.5
repeated_boxes,87,8,-0.0223,0.0399,-2.473,True,True,True,True,True,timeout,12.0001,5.4483,6.0,0.9081,0.3558,0.3558,0.1408,0.0793,0.041726,True,0.4819,0.7811,0,0.0,,3.001,7.701,10.207,0.0647,0.0682,4.646,0.21526,7.1254,110.328,821.3079,11.96,2,0.0,0.0,0.0,0,57.274,10.4149,0.28,2,0.0,0.0,0.0,0,0.084,0.06,0.7142,repeated_boxes_s2_d0.50_v0.5_e008,2,20969d4257e2c6cafb45167f1c374f74ffa8eb7245d3ec03c4253c0dc3a78ce4,42,v0.5
repeated_boxes,88,8,0.038,-0.0073,1.233,True,True,True,True,True,timeout,12.0001,5.4966,6.0,0.9161,0.5901,0.5901,0.2177,0.0789,0.041854,True,0.4747,0.7944,0,0.0,,3.176,6.985,9.165,0.0633,0.0707,4.588,0.21482,6.0104,145.842,839.5396,11.98,2,0.0,0.0,0.0,0,79.94,5.4938,0.14,3,0.0,0.0,0.0,0,0.0832,0.0691,0.8304,repeated_boxes_s2_d0.50_v0.5_e008,2,20969d4257e2c6cafb45167f1c374f74ffa8eb7245d3ec03c4253c0dc3a78ce4,42,v0.5
repeated_boxes,89,8,0.0472,0.0089,0.802,True,True,True,True,True,timeout,12.0001,5.4416,6.0,0.9069,0.3565,0.3565,0.1232,0.0799,0.041877,True,0.4953,0.8006,0,0.0,,3.086,5.484,8.036,0.0658,0.0678,4.628,0.2193,6.59,161.385,830.4016,11.96,2,0.0,0.0,0.0,0,83.589,30.5549,0.76,3,0.0,0.0,0.0,0,0.0834,0.0706,0.8469,repeated_boxes_s2_d0.50_v0.5_e008,2,20969d4257e2c6cafb45167f1c374f74ffa8eb7245d3ec03c4253c0dc3a78ce4,42,v0.5
repeated_cylinders,90,8,0.0937,-0.0326,-1.975,True,True,True,True,True,timeout,12.0001,5.4598,6.0,0.91,0.1113,0.123,0.0752,0.0794,0.041713,True,0.4653,0.6991,0,0.0,,3.06,5.182,8.003,0.0659,0.0665,4.669,0.21708,7.405,116.15,825.597,11.96,2,0.0,0.0,0.0,0,45.786,7.5805,0.22,1,0.0,0.0,0.0,0,0.0672,0.0607,0.9033,repeated_cylinders_s2_d0.50_v0.5_e008,2,20969d4257e2c6cafb45167f1c374f74ffa8eb7245d3ec03c4253c0dc3a78ce4,42,v0.5
repeated_cylinders,91,8,-0.0096,0.0151,4.869,True,True,True,True,True,timeout,12.0001,5.4067,6.0,0.9011,0.5316,0.5319,0.1701,0.081,0.041982,True,0.4615,0.7872,0,0.0,,3.227,6.709,9.609,0.0656,0.0705,4.607,0.21449,6.7986,123.841,823.3853,11.96,2,0.0,0.0,0.0,0,46.223,3.2349,0.12,2,0.0,0.0,0.0,0,0.0672,0.06,0.8933,repeated_cylinders_s2_d0.50_v0.5_e008,2,20969d4257e2c6cafb45167f1c374f74ffa8eb7245d3ec03c4253c0dc3a78ce4,42,v0.5
repeated_cylinders,92,8,-0.0736,0.0918,-2.267,True,True,True,True,True,timeout,12.0001,5.4985,6.0,0.9164,0.3418,0.3418,0.1068,0.0772,0.041878,True,0.4612,0.8242,0,0.0,,3.327,5.402,8.361,0.0627,0.0693,4.594,0.22085,6.9061,136.503,824.532,11.96,2,0.0,0.0,0.0,0,92.784,14.0425,0.28,2,0.0,0.0,0.0,0,0.0672,0.0671,0.9987,repeated_cylinders_s2_d0.50_v0.5_e008,2,20969d4257e2c6cafb45167f1c374f74ffa8eb7245d3ec03c4253c0dc3a78ce4,42,v0.5
repeated_cylinders,93,8,-0.0748,0.0435,-3.805,True,True,True,True,True,timeout,12.0001,5.4925,6.0,0.9154,0.2677,0.2767,0.1308,0.0781,0.042007,True,0.4355,0.8316,0,0.0,,3.155,5.758,8.784,0.0631,0.0675,4.585,0.21279,7.5317,134.2,831.3016,11.98,2,0.0,0.0,0.0,0,72.47,1.836,0.04,1,0.0,0.0,0.0,0,0.0671,0.06,0.894,repeated_cylinders_s2_d0.50_v0.5_e008,2,20969d4257e2c6cafb45167f1c374f74ffa8eb7245d3ec03c4253c0dc3a78ce4,42,v0.5
repeated_cylinders,94,8,0.0552,-0.003,-1.479,True,True,True,True,True,timeout,12.0001,5.4761,6.0,0.9127,0.3381,0.3381,0.1303,0.079,0.04209,True,0.4863,0.841,0,0.0,,3.117,5.273,8.084,0.0633,0.0694,4.552,0.21636,6.5356,181.189,831.1281,11.96,2,0.0,0.0,0.0,0,83.957,27.9813,0.66,3,0.0,0.0,0.0,0,0.0672,0.06,0.8929,repeated_cylinders_s2_d0.50_v0.5_e008,2,20969d4257e2c6cafb45167f1c374f74ffa8eb7245d3ec03c4253c0dc3a78ce4,42,v0.5
repeated_cylinders,95,8,0.0191,0.0135,4.804,True,True,True,True,True,timeout,12.0001,5.4202,6.0,0.9034,0.4627,0.4656,0.168,0.0815,0.041934,True,0.4663,0.7832,0,0.0,,3.311,6.699,9.543,0.0653,0.0716,4.598,0.21703,6.7499,152.548,826.056,11.98,2,0.0,0.0,0.0,0,49.791,2.8444,0.08,2,0.0,0.0,0.0,0,0.0671,0.06,0.8936,repeated_cylinders_s2_d0.50_v0.5_e008,2,20969d4257e2c6cafb45167f1c374f74ffa8eb7245d3ec03c4253c0dc3a78ce4,42,v0.5
repeated_cylinders,96,8,0.0303,0.1,1.482,True,True,True,True,True,timeout,12.0001,5.4225,6.0,0.9038,0.4226,0.4226,0.1703,0.0805,0.041992,True,0.4603,0.7417,0,0.0,,3.022,6.559,9.381,0.0657,0.0688,4.555,0.20821,6.6262,181.879,830.9552,11.96,2,0.0,0.0,0.0,0,58.514,19.5601,0.6,3,0.0,0.0,0.0,0,0.0672,0.06,0.8933,repeated_cylinders_s2_d0.50_v0.5_e008,2,20969d4257e2c6cafb45167f1c374f74ffa8eb7245d3ec03c4253c0dc3a78ce4,42,v0.5
repeated_cylinders,97,8,-0.0774,-0.0594,0.179,True,True,True,True,True,timeout,12.0001,5.4843,6.0,0.914,0.3512,0.3512,0.1183,0.0777,0.041736,True,0.4653,0.8378,0,0.0,,3.139,5.575,8.596,0.0632,0.0685,4.595,0.21873,6.8005,151.67,829.8364,11.98,2,0.0,0.0,0.0,0,93.012,15.4103,0.3,2,0.0,0.0,0.0,0,0.0671,0.0666,0.9927,repeated_cylinders_s2_d0.50_v0.5_e008,2,20969d4257e2c6cafb45167f1c374f74ffa8eb7245d3ec03c4253c0dc3a78ce4,42,v0.5
repeated_cylinders,98,8,0.0756,0.0476,4.517,True,True,True,True,True,timeout,12.0001,5.4812,6.0,0.9135,0.1758,0.1778,0.0563,0.0791,0.041919,True,0.4718,0.8284,0,0.0,,3.161,4.924,7.523,0.0635,0.068,4.528,0.21077,6.5912,142.926,829.2351,11.98,2,0.0,0.0,0.0,0,64.711,2.7866,0.12,2,0.0,0.0,0.0,0,0.0672,0.06,0.8929,repeated_cylinders_s2_d0.50_v0.5_e008,2,20969d4257e2c6cafb45167f1c374f74ffa8eb7245d3ec03c4253c0dc3a78ce4,42,v0.5
repeated_cylinders,99,8,-0.078,0.0341,4.538,True,True,True,True,True,timeout,12.0001,5.4431,6.0,0.9072,0.5061,0.5075,0.2116,0.0797,0.042036,True,0.4488,0.7117,0,0.0,,3.123,5.839,8.848,0.0661,0.069,4.597,0.21712,6.9838,171.792,835.8934,11.96,2,0.0,0.0,0.0,0,0.0,0.0,0.0,0,0.0,0.0,0.0,0,0.0672,0.0611,0.9099,repeated_cylinders_s2_d0.50_v0.5_e008,2,20969d4257e2c6cafb45167f1c374f74ffa8eb7245d3ec03c4253c0dc3a78ce4,42,v0.5
stepping_stones,24,10,-0.0571,0.0085,3.238,False,True,False,False,False,timeout,12.0001,2.0057,6.0,0.3343,0.039,0.1033,,0.3806,0.027744,False,,-0.0209,395,1428.516,0.0,8.69,17.776,20.073,0.4227,0.0407,5.674,0.20518,2.5873,317.707,614.507,11.86,2,58.674,404.7531,7.74,2,258.691,325.9361,9.38,8,1428.516,632.3137,7.9,2,1.11,1.0064,0.9066,stepping_stones_s2_d0.50_v0.5_e010,2,20969d4257e2c6cafb45167f1c374f74ffa8eb7245d3ec03c4253c0dc3a78ce4,42,v0.5
stepping_stones,22,10,0.0677,-0.0533,-2.127,False,True,False,False,False,timeout,12.0001,0.9426,6.0,0.1571,0.1121,0.1121,,0.4272,0.0254,False,,-0.1716,49,387.865,1.92,79.868,25.171,36.549,0.4464,0.0666,6.486,0.14824,1.7801,281.407,782.8708,11.86,2,601.73,571.324,9.02,3,395.245,221.6765,9.4,4,473.879,90.4722,1.0,3,1.0258,1.01,0.9846,stepping_stones_s2_d0.50_v0.5_e010,2,20969d4257e2c6cafb45167f1c374f74ffa8eb7245d3ec03c4253c0dc3a78ce4,42,v0.5
gap,33,9,-0.0287,0.0497,3.067,True,True,True,True,True,timeout,12.0001,5.7537,6.0,0.959,0.2705,0.3346,0.3114,0.0981,0.040065,True,0.426,1.475,0,0.0,,7.354,8.151,8.151,0.0992,0.0737,4.986,0.27729,6.962,207.208,861.2108,11.96,2,0.0,0.0,0.0,0,704.032,48.3116,0.58,2,0.0,0.0,0.0,0,0.0,0.0,,gap_s2_d0.50_v0.5_e009,2,20969d4257e2c6cafb45167f1c374f74ffa8eb7245d3ec03c4253c0dc3a78ce4,42,v0.5
gap,30,9,-0.0158,-0.087,0.745,True,True,True,True,True,timeout,12.0001,5.7969,6.0,0.9662,0.4283,0.4321,0.3184,0.0909,0.040625,True,0.4242,1.4728,0,0.0,,6.27,6.755,6.755,0.0917,0.0676,4.91,0.26948,6.3598,212.372,855.5906,11.96,2,0.0,0.0,0.0,0,683.774,40.667,0.54,2,0.0,0.0,0.0,0,0.0,0.0,,gap_s2_d0.50_v0.5_e009,2,20969d4257e2c6cafb45167f1c374f74ffa8eb7245d3ec03c4253c0dc3a78ce4,42,v0.5
gap,30,10,0.0925,0.0555,3.574,False,False,False,False,False,base_contact,1.44,0.587,6.0,0.0978,0.5924,0.5924,,0.4056,-0.016169,False,,,3,828.492,0.8,135.303,30.962,30.962,0.3214,0.3616,8.402,1.17514,1.2491,311.653,123.7363,1.2,4,422.926,19.5579,0.16,4,135.327,9.6991,0.14,1,828.492,17.4945,0.06,1,0.0,0.0,,gap_s2_d0.50_v0.5_e010,2,20969d4257e2c6cafb45167f1c374f74ffa8eb7245d3ec03c4253c0dc3a78ce4,42,v0.5
gap,31,10,0.0307,-0.0799,-4.52,True,True,True,True,True,timeout,12.0001,5.7436,6.0,0.9573,0.4387,0.4387,0.0687,0.0946,0.040513,True,0.4388,1.5157,0,0.0,,7.63,5.446,5.446,0.1002,0.0677,4.936,0.25129,7.3123,147.599,845.261,11.98,2,99.197,1.9839,0.02,1,867.701,51.7078,0.6,2,0.0,0.0,0.0,0,0.0,0.0,,gap_s2_d0.50_v0.5_e010,2,20969d4257e2c6cafb45167f1c374f74ffa8eb7245d3ec03c4253c0dc3a78ce4,42,v0.5
gap,35,10,0.0358,-0.0888,-1.418,True,True,True,True,True,timeout,12.0001,5.755,6.0,0.9592,0.2428,0.277,0.2612,0.0901,0.040627,True,0.439,1.3238,0,0.0,,6.631,6.415,6.415,0.0916,0.0674,4.886,0.26182,7.1713,154.77,853.5066,11.96,2,0.0,0.0,0.0,0,266.262,28.2712,0.56,2,0.0,0.0,0.0,0,0.0,0.0,,gap_s2_d0.50_v0.5_e010,2,20969d4257e2c6cafb45167f1c374f74ffa8eb7245d3ec03c4253c0dc3a78ce4,42,v0.5
gap,38,10,-0.0147,0.0544,0.267,True,True,True,True,True,timeout,12.0001,5.7626,6.0,0.9604,0.5641,0.5641,0.3816,0.0882,0.040447,True,0.4607,1.4631,0,0.0,,6.14,7.321,7.321,0.0887,0.0659,4.925,0.2657,6.503,267.543,855.0564,11.96,2,114.831,2.2966,0.02,1,292.79,29.7451,0.6,2,46.952,0.939,0.02,1,0.0,0.0,,gap_s2_d0.50_v0.5_e010,2,20969d4257e2c6cafb45167f1c374f74ffa8eb7245d3ec03c4253c0dc3a78ce4,42,v0.5
stepping_stones,23,9,-0.0093,0.0693,-1.671,False,True,False,False,False,timeout,12.0001,1.5676,6.0,0.2613,0.3856,0.4439,,0.3915,0.027363,False,,-0.4385,383,571.69,0.0,42.457,17.255,26.82,0.4045,0.1378,4.663,0.23457,3.2659,319.706,329.3237,7.58,28,947.622,947.3531,7.76,2,360.264,62.4001,0.68,7,571.69,483.0007,7.66,2,1.115,1.01,0.9058,stepping_stones_s2_d0.50_v0.5_e009,2,20969d4257e2c6cafb45167f1c374f74ffa8eb7245d3ec03c4253c0dc3a78ce4,42,v0.5
stepping_stones,27,10,0.0657,0.0455,-4.893,False,True,False,False,False,timeout,12.0001,1.7318,6.0,0.2886,0.4865,0.4865,,0.3864,0.026252,False,,-0.2741,363,560.378,4.68,32.715,16.699,22.113,0.405,0.1079,5.195,0.28957,2.5838,436.282,657.2555,11.7,5,1257.839,1660.0325,7.16,4,427.842,68.5695,1.08,13,560.378,1285.4457,7.26,2,1.11,0.9506,0.8564,stepping_stones_s2_d0.50_v0.5_e010,2,20969d4257e2c6cafb45167f1c374f74ffa8eb7245d3ec03c4253c0dc3a78ce4,42,v0.5
stepping_stones,23,10,0.0576,-0.0641,-4.94,False,False,False,False,False,base_contact,3.48,0.7428,6.0,0.1238,0.0526,0.0812,,0.2959,0.026469,False,,0.0005,74,427.526,0.0,82.926,22.378,37.638,0.3343,0.1208,5.814,0.28213,1.5977,315.98,235.2826,3.32,1,125.509,16.7115,0.24,4,115.531,24.3788,0.86,10,427.526,121.4211,1.48,4,1.0419,0.8191,0.7861,stepping_stones_s2_d0.50_v0.5_e010,2,20969d4257e2c6cafb45167f1c374f74ffa8eb7245d3ec03c4253c0dc3a78ce4,42,v0.5
discrete_obstacles,0,9,-0.0054,0.091,-3.203,True,True,True,True,True,timeout,12.0001,5.4431,6.0,0.9072,0.3992,0.3992,0.1775,0.0811,0.041121,True,0.4232,0.835,0,0.0,,3.142,3.281,4.788,0.0745,0.0677,4.679,0.22065,8.1643,245.379,816.0508,11.88,2,0.0,0.0,0.0,0,0.0,0.0,0.0,0,0.0,0.0,0.0,0,0.155,0.05,0.3226,discrete_obstacles_s2_d0.50_v0.5_e009,2,20969d4257e2c6cafb45167f1c374f74ffa8eb7245d3ec03c4253c0dc3a78ce4,42,v0.5
discrete_obstacles,1,9,0.0617,0.0413,4.002,True,True,True,True,True,timeout,12.0001,5.4455,6.0,0.9076,0.3945,0.3981,0.1568,0.0807,0.041271,True,0.4815,0.8196,0,0.0,,3.003,5.152,5.101,0.075,0.0668,4.584,0.21755,6.6711,348.918,817.707,11.86,2,0.0,0.0,0.0,0,0.0,0.0,0.0,0,0.0,0.0,0.0,0,0.21,0.05,0.2381,discrete_obstacles_s2_d0.50_v0.5_e009,2,20969d4257e2c6cafb45167f1c374f74ffa8eb7245d3ec03c4253c0dc3a78ce4,42,v0.5
discrete_obstacles,2,9,-0.0472,-0.0039,3.765,True,True,True,True,True,timeout,12.0001,5.4548,6.0,0.9091,0.4178,0.4178,0.1679,0.0806,0.041175,True,0.4561,0.8352,0,0.0,,2.987,5.993,6.13,0.0739,0.0682,4.631,0.22157,7.641,305.665,814.2555,11.88,2,0.0,0.0,0.0,0,0.0,0.0,0.0,0,0.0,0.0,0.0,0,0.21,0.05,0.2381,discrete_obstacles_s2_d0.50_v0.5_e009,2,20969d4257e2c6cafb45167f1c374f74ffa8eb7245d3ec03c4253c0dc3a78ce4,42,v0.5
discrete_obstacles,3,9,-0.0506,-0.0868,-3.032,True,True,True,True,True,timeout,12.0001,5.4569,6.0,0.9095,0.436,0.4388,0.1345,0.0796,0.040996,True,0.4583,0.7047,0,0.0,,4.679,9.64,12.193,0.0781,0.0652,4.716,0.22922,6.9447,329.766,837.5197,11.88,2,0.0,0.0,0.0,0,0.0,0.0,0.0,0,0.0,0.0,0.0,0,0.155,0.155,1.0,discrete_obstacles_s2_d0.50_v0.5_e009,2,20969d4257e2c6cafb45167f1c374f74ffa8eb7245d3ec03c4253c0dc3a78ce4,42,v0.5
discrete_obstacles,4,9,0.0585,0.0952,1.502,True,True,True,True,True,timeout,12.0001,5.4416,6.0,0.9069,0.4879,0.4879,0.1614,0.0813,0.041155,True,0.4684,0.8082,0,0.0,,3.128,5.663,5.788,0.0752,0.068,4.624,0.22033,6.7803,338.021,821.8043,11.88,2,0.0,0.0,0.0,0,0.0,0.0,0.0,0,0.0,0.0,0.0,0,0.21,0.05,0.2381,discrete_obstacles_s2_d0.50_v0.5_e009,2,20969d4257e2c6cafb45167f1c374f74ffa8eb7245d3ec03c4253c0dc3a78ce4,42,v0.5
discrete_obstacles,5,9,-0.0659,-0.0078,0.371,True,True,True,True,True,timeout,12.0001,5.4708,6.0,0.9118,0.4073,0.4119,0.1999,0.0802,0.041409,True,0.459,0.8376,0,0.0,,3.217,5.15,5.411,0.0746,0.0657,4.597,0.21621,7.9259,346.324,824.3986,11.86,2,0.0,0.0,0.0,0,0.0,0.0,0.0,0,0.0,0.0,0.0,0,0.21,0.05,0.2381,discrete_obstacles_s2_d0.50_v0.5_e009,2,20969d4257e2c6cafb45167f1c374f74ffa8eb7245d3ec03c4253c0dc3a78ce4,42,v0.5
discrete_obstacles,6,9,-0.0706,0.0447,2.169,True,True,True,True,True,timeout,12.0001,5.4591,6.0,0.9098,0.3379,0.3379,0.1222,0.0784,0.041213,True,0.4906,0.8296,0,0.0,,3.244,3.624,4.793,0.0744,0.0655,4.608,0.22195,7.1752,348.359,821.8007,11.88,2,0.0,0.0,0.0,0,0.0,0.0,0.0,0,0.0,0.0,0.0,0,0.21,0.05,0.2381,discrete_obstacles_s2_d0.50_v0.5_e009,2,20969d4257e2c6cafb45167f1c374f74ffa8eb7245d3ec03c4253c0dc3a78ce4,42,v0.5
discrete_obstacles,7,9,0.0908,-0.0893,-4.24,True,True,True,True,True,timeout,12.0001,5.491,6.0,0.9152,0.5201,0.5201,0.1948,0.0821,0.040884,True,0.4327,0.7192,0,0.0,,6.432,8.73,11.003,0.0789,0.0671,4.779,0.23233,7.1316,336.081,835.6953,11.86,2,0.0,0.0,0.0,0,0.0,0.0,0.0,0,0.0,0.0,0.0,0,0.155,0.155,1.0,discrete_obstacles_s2_d0.50_v0.5_e009,2,20969d4257e2c6cafb45167f1c374f74ffa8eb7245d3ec03c4253c0dc3a78ce4,42,v0.5
discrete_obstacles,8,9,0.0988,-0.0092,4.569,True,True,True,True,True,timeout,12.0001,5.432,6.0,0.9053,0.4855,0.4855,0.1876,0.082,0.041083,True,0.4474,0.782,0,0.0,,2.863,4.836,5.173,0.0755,0.0678,4.618,0.21962,7.1198,303.924,817.1227,11.86,2,0.0,0.0,0.0,0,0.0,0.0,0.0,0,0.0,0.0,0.0,0,0.21,0.05,0.2381,discrete_obstacles_s2_d0.50_v0.5_e009,2,20969d4257e2c6cafb45167f1c374f74ffa8eb7245d3ec03c4253c0dc3a78ce4,42,v0.5
discrete_obstacles,9,9,0.0217,-0.0499,-0.694,True,True,True,True,True,timeout,12.0001,5.4922,6.0,0.9154,0.4358,0.4358,0.161,0.0825,0.040936,True,0.4702,0.7005,0,0.0,,3.229,6.927,7.223,0.0792,0.0659,4.759,0.22944,7.236,370.395,837.8455,11.88,2,0.0,0.0,0.0,0,0.0,0.0,0.0,0,0.0,0.0,0.0,0,0.155,0.05,0.3226,discrete_obstacles_s2_d0.50_v0.5_e009,2,20969d4257e2c6cafb45167f1c374f74ffa8eb7245d3ec03c4253c0dc3a78ce4,42,v0.5
wave,10,9,-0.0695,-0.0484,-0.227,True,True,True,True,True,timeout,12.0001,5.4899,6.0,0.915,0.4603,0.4603,0.1523,0.0783,0.041737,True,0.5096,-0.0847,0,0.0,,3.842,6.682,9.225,0.0717,0.0672,4.599,0.21052,7.0839,245.662,831.5586,11.92,2,0.0,0.0,0.0,0,0.0,0.0,0.0,0,0.0,0.0,0.0,0,0.1234,0.0716,0.5803,wave_s2_d0.50_v0.5_e009,2,20969d4257e2c6cafb45167f1c374f74ffa8eb7245d3ec03c4253c0dc3a78ce4,42,v0.5
wave,11,9,0.0287,-0.0187,-1.186,True,True,True,True,True,timeout,12.0001,5.4732,6.0,0.9122,0.3392,0.3392,0.0838,0.0773,0.04165,True,0.4631,-0.0773,0,0.0,,3.864,6.617,9.026,0.0712,0.0658,4.588,0.21121,7.1438,288.419,835.4738,11.94,2,0.0,0.0,0.0,0,0.0,0.0,0.0,0,0.0,0.0,0.0,0,0.1264,0.071,0.5614,wave_s2_d0.50_v0.5_e009,2,20969d4257e2c6cafb45167f1c374f74ffa8eb7245d3ec03c4253c0dc3a78ce4,42,v0.5
wave,12,9,0.0461,0.0089,0.018,True,True,True,True,True,timeout,12.0001,5.5086,6.0,0.9181,0.2918,0.294,0.0787,0.0768,0.04189,True,0.4796,-0.0779,0,0.0,,3.714,6.566,8.958,0.0703,0.0657,4.612,0.21226,7.7383,254.119,830.8696,11.94,2,0.0,0.0,0.0,0,0.0,0.0,0.0,0,0.0,0.0,0.0,0,0.1207,0.0707,0.5856,wave_s2_d0.50_v0.5_e009,2,20969d4257e2c6cafb45167f1c374f74ffa8eb7245d3ec03c4253c0dc3a78ce4,42,v0.5
wave,13,9,0.0693,-0.0512,-3.081,True,True,True,True,True,timeout,12.0001,5.4666,6.0,0.9111,0.3937,0.3937,0.0682,0.0782,0.041837,True,0.4979,-0.0776,0,0.0,,3.832,6.996,9.476,0.0705,0.067,4.595,0.20776,7.3154,342.867,835.4437,11.94,2,0.0,0.0,0.0,0,0.0,0.0,0.0,0,0.0,0.0,0.0,0,0.1353,0.0728,0.5381,wave_s2_d0.50_v0.5_e009,2,20969d4257e2c6cafb45167f1c374f74ffa8eb7245d3ec03c4253c0dc3a78ce4,42,v0.5
wave,14,9,-0.0397,-0.0907,-0.555,True,True,True,True,True,timeout,12.0001,5.4628,6.0,0.9105,0.4492,0.4509,0.1326,0.0788,0.041735,True,0.5053,0.0,0,0.0,,3.867,6.537,9.135,0.0727,0.067,4.6,0.21014,6.9237,246.601,836.6766,11.92,2,0.0,0.0,0.0,0,0.0,0.0,0.0,0,0.0,0.0,0.0,0,0.1297,0.0734,0.5656,wave_s2_d0.50_v0.5_e009,2,20969d4257e2c6cafb45167f1c374f74ffa8eb7245d3ec03c4253c0dc3a78ce4,42,v0.5
wave,15,9,-0.0916,0.0535,4.714,True,True,True,True,True,timeout,12.0001,5.5636,6.0,0.9273,0.4231,0.4231,0.147,0.0777,0.041711,True,0.5024,0.0,0,0.0,,3.748,6.41,9.09,0.0696,0.0689,4.544,0.21325,6.9305,308.945,837.2132,11.92,2,0.0,0.0,0.0,0,0.0,0.0,0.0,0,0.0,0.0,0.0,0,0.14,0.1071,0.7648,wave_s2_d0.50_v0.5_e009,2,20969d4257e2c6cafb45167f1c374f74ffa8eb7245d3ec03c4253c0dc3a78ce4,42,v0.5
wave,16,9,-0.0469,-0.0899,1.097,True,True,True,True,True,timeout,12.0001,5.4777,6.0,0.913,0.4786,0.4786,0.1484,0.0777,0.041735,True,0.4828,-0.0903,0,0.0,,3.927,6.739,9.307,0.0716,0.0663,4.601,0.20966,7.339,306.705,837.3747,11.92,2,0.0,0.0,0.0,0,0.0,0.0,0.0,0,0.0,0.0,0.0,0,0.1265,0.0738,0.5833,wave_s2_d0.50_v0.5_e009,2,20969d4257e2c6cafb45167f1c374f74ffa8eb7245d3ec03c4253c0dc3a78ce4,42,v0.5
wave,17,9,-0.0222,-0.0253,-1.305,True,True,True,True,True,timeout,12.0001,5.4785,6.0,0.9131,0.4212,0.4212,0.1339,0.0771,0.041749,True,0.5025,0.0,0,0.0,,3.764,6.659,9.256,0.0714,0.0657,4.599,0.21134,7.2858,307.221,830.2756,11.92,2,0.0,0.0,0.0,0,0.0,0.0,0.0,0,0.0,0.0,0.0,0,0.1257,0.0723,0.5752,wave_s2_d0.50_v0.5_e009,2,20969d4257e2c6cafb45167f1c374f74ffa8eb7245d3ec03c4253c0dc3a78ce4,42,v0.5
wave,18,9,-0.0429,-0.0585,2.248,True,True,True,True,True,timeout,12.0001,5.4955,6.0,0.9159,0.3867,0.3896,0.1003,0.0764,0.041765,True,0.4785,-0.0808,0,0.0,,3.95,6.817,9.309,0.0709,0.0653,4.598,0.2117,7.7666,288.871,833.3745,11.92,2,0.0,0.0,0.0,0,0.0,0.0,0.0,0,0.0,0.0,0.0,0,0.1317,0.0762,0.5787,wave_s2_d0.50_v0.5_e009,2,20969d4257e2c6cafb45167f1c374f74ffa8eb7245d3ec03c4253c0dc3a78ce4,42,v0.5
wave,19,9,0.0506,-0.076,4.23,True,True,True,True,True,timeout,12.0001,5.5035,6.0,0.9173,0.2572,0.2575,0.0383,0.0783,0.041739,True,0.4872,-0.0605,0,0.0,,3.981,6.663,8.945,0.071,0.0669,4.6,0.21171,7.376,293.923,829.9648,11.94,2,0.0,0.0,0.0,0,0.0,0.0,0.0,0,0.0,0.0,0.0,0,0.1327,0.0763,0.5751,wave_s2_d0.50_v0.5_e009,2,20969d4257e2c6cafb45167f1c374f74ffa8eb7245d3ec03c4253c0dc3a78ce4,42,v0.5
gap,32,9,-0.0058,-0.0265,-3.834,True,True,True,True,True,timeout,12.0001,5.7672,6.0,0.9612,0.0389,0.128,0.0981,0.0913,0.040589,True,0.4632,1.5397,0,0.0,,7.029,6.653,6.653,0.0991,0.0644,4.939,0.25615,6.9657,134.558,841.5397,11.96,2,0.0,0.0,0.0,0,439.631,51.5769,0.72,2,0.0,0.0,0.0,0,0.0,0.0,,gap_s2_d0.50_v0.5_e009,2,20969d4257e2c6cafb45167f1c374f74ffa8eb7245d3ec03c4253c0dc3a78ce4,42,v0.5
gap,36,9,0.0613,0.0303,-0.263,True,True,True,True,True,timeout,12.0001,5.7528,6.0,0.9588,0.1641,0.1696,0.0651,0.0942,0.040311,True,0.4679,1.4659,0,0.0,,7.837,6.4,6.4,0.0987,0.0693,4.956,0.251,7.534,180.243,844.2347,11.96,2,340.706,6.8141,0.02,1,343.366,37.0062,0.56,2,0.0,0.0,0.0,0,0.0,0.0,,gap_s2_d0.50_v0.5_e009,2,20969d4257e2c6cafb45167f1c374f74ffa8eb7245d3ec03c4253c0dc3a78ce4,42,v0.5
gap,37,9,-0.0946,-0.0725,2.245,True,True,True,True,True,timeout,12.0001,5.7846,6.0,0.9641,0.2448,0.2945,0.285,0.0926,0.04047,True,0.4755,1.4,0,0.0,,6.766,6.011,6.011,0.0991,0.0665,4.898,0.25457,7.3085,132.876,843.6014,11.96,2,0.0,0.0,0.0,0,477.606,44.7808,0.58,2,0.0,0.0,0.0,0,0.0,0.0,,gap_s2_d0.50_v0.5_e009,2,20969d4257e2c6cafb45167f1c374f74ffa8eb7245d3ec03c4253c0dc3a78ce4,42,v0.5
gap,39,9,-0.0782,0.0359,-2.371,True,True,True,True,True,timeout,12.0001,5.768,6.0,0.9613,0.5185,0.5185,0.1116,0.0958,0.04008,True,0.438,1.517,0,0.0,,7.989,8.066,8.066,0.0997,0.0676,4.961,0.26427,7.1217,131.123,847.1229,11.96,2,154.887,3.0977,0.02,1,243.308,37.4987,0.56,2,0.0,0.0,0.0,0,0.0,0.0,,gap_s2_d0.50_v0.5_e009,2,20969d4257e2c6cafb45167f1c374f74ffa8eb7245d3ec03c4253c0dc3a78ce4,42,v0.5
pit,40,9,-0.0499,0.0084,-1.084,True,True,True,True,True,timeout,12.0001,5.6219,6.0,0.937,0.2172,0.2261,0.1187,0.0789,0.041843,True,0.476,0.8492,0,0.0,,6.823,15.003,24.952,0.0689,0.0633,4.702,0.23418,7.2775,127.407,825.1705,11.96,2,0.0,0.0,0.0,0,0.0,0.0,0.0,0,0.0,0.0,0.0,0,0.2,0.2,1.0,pit_s2_d0.50_v0.5_e009,2,20969d4257e2c6cafb45167f1c374f74ffa8eb7245d3ec03c4253c0dc3a78ce4,42,v0.5
pit,41,9,0.0962,-0.0211,1.943,True,True,True,True,True,timeout,12.0001,5.6267,6.0,0.9378,0.2542,0.2611,0.2011,0.0787,0.04157,True,0.4636,0.8279,0,0.0,,7.419,15.357,25.017,0.0712,0.0619,4.74,0.25369,6.6818,112.604,831.7936,11.96,2,0.0,0.0,0.0,0,87.857,1.7571,0.02,1,0.0,0.0,0.0,0,0.2,0.2,1.0,pit_s2_d0.50_v0.5_e009,2,20969d4257e2c6cafb45167f1c374f74ffa8eb7245d3ec03c4253c0dc3a78ce4,42,v0.5
pit,42,9,0.0441,-0.0792,4.999,True,True,True,True,True,timeout,12.0001,5.6419,6.0,0.9403,0.1815,0.1864,0.1327,0.0786,0.041553,True,0.4678,0.8339,0,0.0,,6.842,14.961,24.705,0.0698,0.0624,4.682,0.2419,6.7794,129.153,833.9978,11.98,2,0.0,0.0,0.0,0,0.0,0.0,0.0,0,0.0,0.0,0.0,0,0.2,0.2,1.0,pit_s2_d0.50_v0.5_e009,2,20969d4257e2c6cafb45167f1c374f74ffa8eb7245d3ec03c4253c0dc3a78ce4,42,v0.5
pit,43,9,0.0718,0.0778,-2.445,True,True,True,True,True,timeout,12.0001,5.6411,6.0,0.9402,0.1296,0.1438,0.1308,0.0783,0.041821,True,0.4675,0.8413,0,0.0,,6.755,15.058,24.861,0.07,0.0619,4.709,0.24532,6.9539,136.948,834.2163,11.96,2,0.0,0.0,0.0,0,59.558,1.1912,0.02,1,0.0,0.0,0.0,0,0.2,0.2,1.0,pit_s2_d0.50_v0.5_e009,2,20969d4257e2c6cafb45167f1c374f74ffa8eb7245d3ec03c4253c0dc3a78ce4,42,v0.5
pit,44,9,0.0498,0.0069,2.76,True,True,True,True,True,timeout,12.0001,5.6441,6.0,0.9407,0.1548,0.1644,0.1241,0.0786,0.041824,True,0.4666,0.8348,0,0.0,,6.82,14.984,24.727,0.0701,0.0623,4.698,0.24451,6.9078,134.024,832.8416,11.98,2,0.0,0.0,0.0,0,0.0,0.0,0.0,0,0.0,0.0,0.0,0,0.2,0.2,1.0,pit_s2_d0.50_v0.5_e009,2,20969d4257e2c6cafb45167f1c374f74ffa8eb7245d3ec03c4253c0dc3a78ce4,42,v0.5
pit,45,9,0.0726,0.0511,-0.003,True,True,True,True,True,timeout,12.0001,5.6414,6.0,0.9402,0.1152,0.1278,0.1226,0.0786,0.041858,True,0.4669,0.8423,0,0.0,,6.614,14.964,24.693,0.0704,0.0621,4.709,0.24496,6.8347,113.512,831.5396,11.96,2,0.0,0.0,0.0,0,84.726,1.6945,0.02,1,0.0,0.0,0.0,0,0.2,0.2,1.0,pit_s2_d0.50_v0.5_e009,2,20969d4257e2c6cafb45167f1c374f74ffa8eb7245d3ec03c4253c0dc3a78ce4,42,v0.5
pit,46,9,0.0059,-0.0043,1.105,True,True,True,True,True,timeout,12.0001,5.642,6.0,0.9403,0.2055,0.219,0.1466,0.0787,0.0418,True,0.4682,0.8465,0,0.0,,7.029,14.962,24.846,0.0695,0.0627,4.694,0.23758,7.0635,137.156,831.7347,11.96,2,0.0,0.0,0.0,0,0.0,0.0,0.0,0,0.0,0.0,0.0,0,0.2,0.2,1.0,pit_s2_d0.50_v0.5_e009,2,20969d4257e2c6cafb45167f1c374f74ffa8eb7245d3ec03c4253c0dc3a78ce4,42,v0.5
pit,47,9,-0.0288,-0.0235,-0.354,True,True,True,True,True,timeout,12.0001,5.6196,6.0,0.9366,0.2117,0.2189,0.1508,0.0792,0.041803,True,0.4712,0.8463,0,0.0,,6.717,15.171,25.125,0.0697,0.0631,4.696,0.23441,6.6108,117.412,827.4117,11.96,2,0.0,0.0,0.0,0,0.0,0.0,0.0,0,0.0,0.0,0.0,0,0.2,0.2,1.0,pit_s2_d0.50_v0.5_e009,2,20969d4257e2c6cafb45167f1c374f74ffa8eb7245d3ec03c4253c0dc3a78ce4,42,v0.5
pit,48,9,-0.0997,-0.0129,0.252,True,True,True,True,True,timeout,12.0001,5.6166,6.0,0.9361,0.2545,0.2621,0.1414,0.079,0.041669,True,0.4701,0.8475,0,0.0,,6.73,14.942,24.898,0.0678,0.0644,4.706,0.23095,6.9892,124.089,825.1347,11.98,2,0.0,0.0,0.0,0,0.0,0.0,0.0,0,0.0,0.0,0.0,0,0.2,0.2,1.0,pit_s2_d0.50_v0.5_e009,2,20969d4257e2c6cafb45167f1c374f74ffa8eb7245d3ec03c4253c0dc3a78ce4,42,v0.5
pit,49,9,-0.0188,0.0273,-3.522,True,True,True,True,True,timeout,12.0001,5.6226,6.0,0.9371,0.2184,0.231,0.1446,0.0787,0.041841,True,0.4711,0.8482,0,0.0,,7.052,15.022,24.974,0.0691,0.0627,4.695,0.23416,7.1488,120.572,828.0582,11.96,2,0.0,0.0,0.0,0,0.0,0.0,0.0,0,0.0,0.0,0.0,0,0.2,0.2,1.0,pit_s2_d0.50_v0.5_e009,2,20969d4257e2c6cafb45167f1c374f74ffa8eb7245d3ec03c4253c0dc3a78ce4,42,v0.5
rails,50,9,0.0056,-0.036,3.093,True,True,True,True,True,timeout,12.0001,5.4612,6.0,0.9102,0.5642,0.566,0.2514,0.0881,0.040936,True,0.4814,0.3011,0,0.0,,5.276,4.325,5.168,0.0746,0.0779,4.744,0.25906,5.396,135.808,852.3538,11.98,2,0.0,0.0,0.0,0,121.477,38.4263,0.88,5,0.0,0.0,0.0,0,0.115,0.115,1.0,rails_s2_d0.50_v0.5_e009,2,20969d4257e2c6cafb45167f1c374f74ffa8eb7245d3ec03c4253c0dc3a78ce4,42,v0.5
rails,51,9,-0.0511,-0.0079,2.16,True,True,True,True,True,timeout,12.0001,5.4961,6.0,0.916,0.1448,0.1454,0.0182,0.0845,0.041334,True,0.3438,0.723,0,0.0,,3.081,6.48,6.78,0.0738,0.0712,4.825,0.26165,5.4786,149.131,858.0078,11.96,2,0.0,0.0,0.0,0,222.425,53.0334,1.08,4,0.0,0.0,0.0,0,0.115,0.115,1.0,rails_s2_d0.50_v0.5_e009,2,20969d4257e2c6cafb45167f1c374f74ffa8eb7245d3ec03c4253c0dc3a78ce4,42,v0.5
rails,52,9,-0.0701,-0.0956,-1.92,True,True,True,True,True,timeout,12.0001,5.4928,6.0,0.9155,0.1238,0.1238,0.0056,0.082,0.041117,True,0.448,0.7336,0,0.0,,3.414,6.046,6.284,0.0655,0.0754,4.785,0.25887,6.1194,128.246,834.9147,11.98,2,0.0,0.0,0.0,0,115.464,77.9063,1.5,5,0.0,0.0,0.0,0,0.115,0.115,1.0,rails_s2_d0.50_v0.5_e009,2,20969d4257e2c6cafb45167f1c374f74ffa8eb7245d3ec03c4253c0dc3a78ce4,42,v0.5
rails,53,9,0.0579,-0.0271,1.274,True,True,True,True,True,timeout,12.0001,5.3822,6.0,0.897,0.0182,0.07,0.0183,0.0894,0.04103,True,0.5117,-0.2897,0,0.0,,5.68,5.765,5.975,0.0976,0.0679,4.788,0.26406,5.3052,132.802,849.0438,11.96,2,76.831,2.695,0.04,1,254.875,43.4795,0.9,6,0.0,0.0,0.0,0,0.115,0.115,1.0,rails_s2_d0.50_v0.5_e009,2,20969d4257e2c6cafb45167f1c374f74ffa8eb7245d3ec03c4253c0dc3a78ce4,42,v0.5
rails,54,9,-0.0654,0.0777,-3.857,True,True,True,True,True,timeout,12.0001,5.4651,6.0,0.9109,0.0649,0.1087,0.0913,0.0847,0.040981,True,0.4479,0.4016,0,0.0,,4.937,5.929,6.275,0.0716,0.0763,4.896,0.27558,6.0077,167.569,836.4764,11.96,2,0.0,0.0,0.0,0,289.718,90.1625,1.6,5,0.0,0.0,0.0,0,0.115,0.115,1.0,rails_s2_d0.50_v0.5_e009,2,20969d4257e2c6cafb45167f1c374f74ffa8eb7245d3ec03c4253c0dc3a78ce4,42,v0.5
rails,55,9,-0.0508,0.0756,2.315,True,True,True,True,True,timeout,12.0001,5.5632,6.0,0.9272,0.1904,0.1922,0.0432,0.0843,0.041334,True,0.3923,0.7524,0,0.0,,5.402,5.256,5.486,0.0677,0.0765,4.772,0.26718,5.3063,136.171,855.159,11.96,2,0.0,0.0,0.0,0,290.059,46.0672,0.74,3,0.0,0.0,0.0,0,0.115,0.115,1.0,rails_s2_d0.50_v0.5_e009,2,20969d4257e2c6cafb45167f1c374f74ffa8eb7245d3ec03c4253c0dc3a78ce4,42,v0.5
rails,56,9,0.082,-0.0733,-2.01,True,True,True,True,True,timeout,12.0001,5.6256,6.0,0.9376,0.0037,0.0359,0.009,0.08,0.041303,True,0.5389,0.8255,0,0.0,,3.061,6.193,6.844,0.0647,0.0712,4.704,0.25671,6.0495,180.178,845.3652,11.96,2,0.0,0.0,0.0,0,112.289,88.5473,1.48,4,0.0,0.0,0.0,0,0.115,0.115,1.0,rails_s2_d0.50_v0.5_e009,2,20969d4257e2c6cafb45167f1c374f74ffa8eb7245d3ec03c4253c0dc3a78ce4,42,v0.5
rails,57,9,0.0576,0.0804,-1.578,True,True,True,True,True,timeout,12.0001,5.5694,6.0,0.9282,0.1749,0.1749,0.0778,0.08,0.041546,True,0.5428,0.806,0,0.0,,3.038,6.682,7.154,0.0659,0.0702,4.683,0.24905,6.301,231.153,842.4582,11.98,2,0.0,0.0,0.0,0,119.123,99.9847,1.68,4,0.0,0.0,0.0,0,0.115,0.115,1.0,rails_s2_d0.50_v0.5_e009,2,20969d4257e2c6cafb45167f1c374f74ffa8eb7245d3ec03c4253c0dc3a78ce4,42,v0.5
rails,58,9,-0.0532,0.0332,4.441,True,True,True,True,True,timeout,12.0001,5.5599,6.0,0.9267,0.0655,0.0842,0.057,0.0809,0.041414,True,0.4232,0.7588,0,0.0,,4.619,5.311,5.873,0.0677,0.0704,4.725,0.25594,5.8675,124.624,843.7587,11.96,2,0.0,0.0,0.0,0,178.782,50.4753,0.86,5,0.0,0.0,0.0,0,0.115,0.115,1.0,rails_s2_d0.50_v0.5_e009,2,20969d4257e2c6cafb45167f1c374f74ffa8eb7245d3ec03c4253c0dc3a78ce4,42,v0.5
rails,59,9,0.0304,0.0902,-4.088,True,True,True,True,True,timeout,12.0001,5.4368,6.0,0.9061,0.7172,0.7174,0.335,0.0882,0.041033,True,0.5058,0.2575,0,0.0,,5.659,4.149,4.526,0.0778,0.0757,4.714,0.26642,5.4448,144.493,852.8367,11.98,2,0.0,0.0,0.0,0,163.421,42.4196,0.84,5,0.0,0.0,0.0,0,0.115,0.115,1.0,rails_s2_d0.50_v0.5_e009,2,20969d4257e2c6cafb45167f1c374f74ffa8eb7245d3ec03c4253c0dc3a78ce4,42,v0.5
star,60,9,-0.0618,0.045,2.247,True,True,True,True,True,timeout,12.0001,5.6677,6.0,0.9446,0.5702,0.5702,0.2463,0.0746,0.041868,True,0.4589,0.839,0,0.0,,7.503,7.396,11.279,0.0654,0.065,4.602,0.22478,6.3677,115.493,850.856,11.96,2,0.0,0.0,0.0,0,0.0,0.0,0.0,0,0.0,0.0,0.0,0,0.105,0.105,1.0,star_s2_d0.50_v0.5_e009,2,20969d4257e2c6cafb45167f1c374f74ffa8eb7245d3ec03c4253c0dc3a78ce4,42,v0.5
star,61,9,0.0315,-0.0684,-2.247,True,True,True,True,True,timeout,12.0001,5.4598,6.0,0.91,0.652,0.652,0.2064,0.0791,0.041961,True,0.4782,0.8293,0,0.0,,4.123,4.313,6.542,0.0626,0.0698,4.621,0.20251,9.1113,119.152,830.4393,11.96,2,0.0,0.0,0.0,0,0.0,0.0,0.0,0,0.0,0.0,0.0,0,0.105,0.0,0.0001,star_s2_d0.50_v0.5_e009,2,20969d4257e2c6cafb45167f1c374f74ffa8eb7245d3ec03c4253c0dc3a78ce4,42,v0.5
star,62,9,0.0773,-0.0265,-1.747,True,True,True,True,True,timeout,12.0001,5.5064,6.0,0.9177,0.5176,0.5202,0.2034,0.0781,0.041878,True,0.4639,0.8352,0,0.0,,3.978,3.732,6.254,0.0609,0.0706,4.604,0.2027,9.2394,118.987,838.0285,11.98,2,0.0,0.0,0.0,0,0.0,0.0,0.0,0,0.0,0.0,0.0,0,0.105,0.0,0.0001,star_s2_d0.50_v0.5_e009,2,20969d4257e2c6cafb45167f1c374f74ffa8eb7245d3ec03c4253c0dc3a78ce4,42,v0.5
star,63,9,-0.0499,0.0938,-2.832,True,True,True,True,True,timeout,12.0001,5.6215,6.0,0.9369,0.8607,0.8607,0.301,0.078,0.041719,True,0.604,0.8532,0,0.0,,7.166,4.959,7.891,0.0644,0.0712,4.695,0.22594,7.755,117.537,851.8423,11.96,2,0.0,0.0,0.0,0,128.161,9.7244,0.18,2,0.0,0.0,0.0,0,0.105,0.105,1.0,star_s2_d0.50_v0.5_e009,2,20969d4257e2c6cafb45167f1c374f74ffa8eb7245d3ec03c4253c0dc3a78ce4,42,v0.5
star,64,9,-0.0612,-0.0369,-2.735,True,True,True,True,True,timeout,12.0001,5.4753,6.0,0.9126,0.688,0.6883,0.2243,0.0782,0.041948,True,0.4678,0.8298,0,0.0,,4.326,4.214,6.308,0.0614,0.0704,4.613,0.2037,8.9365,161.219,838.1914,11.96,2,0.0,0.0,0.0,0,0.0,0.0,0.0,0,0.0,0.0,0.0,0,0.105,0.0,0.0,star_s2_d0.50_v0.5_e009,2,20969d4257e2c6cafb45167f1c374f74ffa8eb7245d3ec03c4253c0dc3a78ce4,42,v0.5
star,65,9,0.0787,0.0355,-4.573,True,True,True,True,True,timeout,12.0001,5.4718,6.0,0.912,0.5113,0.5113,0.1896,0.079,0.042059,True,0.4805,0.831,0,0.0,,2.982,3.721,6.179,0.0632,0.0695,4.559,0.19918,8.5976,136.148,828.3748,11.96,2,0.0,0.0,0.0,0,0.0,0.0,0.0,0,0.0,0.0,0.0,0,0.105,0.0,0.0001,star_s2_d0.50_v0.5_e009,2,20969d4257e2c6cafb45167f1c374f74ffa8eb7245d3ec03c4253c0dc3a78ce4,42,v0.5
star,66,9,-0.0791,0.0754,-2.064,True,True,True,True,True,timeout,12.0001,5.6865,6.0,0.9477,0.7862,0.7862,0.2827,0.0786,0.04153,True,0.5275,0.8333,0,0.0,,7.317,6.628,9.572,0.0655,0.0713,4.683,0.22824,8.1275,152.417,854.6324,11.96,2,0.0,0.0,0.0,0,99.065,22.7044,0.46,2,0.0,0.0,0.0,0,0.105,0.105,1.0,star_s2_d0.50_v0.5_e009,2,20969d4257e2c6cafb45167f1c374f74ffa8eb7245d3ec03c4253c0dc3a78ce4,42,v0.5
star,67,9,0.0684,0.0011,3.364,True,True,True,True,True,timeout,12.0001,5.6599,6.0,0.9433,0.4311,0.4349,0.2455,0.0761,0.041945,True,0.4544,0.8111,0,0.0,,6.795,6.96,10.647,0.0648,0.0671,4.544,0.22293,6.0955,143.123,847.4274,11.98,2,0.0,0.0,0.0,0,96.455,8.9465,0.18,2,0.0,0.0,0.0,0,0.105,0.105,1.0,star_s2_d0.50_v0.5_e009,2,20969d4257e2c6cafb45167f1c374f74ffa8eb7245d3ec03c4253c0dc3a78ce4,42,v0.5
star,68,9,-0.0967,-0.0701,4.657,True,True,True,True,True,timeout,12.0001,5.6515,6.0,0.9419,0.4771,0.4771,0.2308,0.0745,0.041989,True,0.475,0.8184,0,0.0,,6.978,7.354,11.222,0.0636,0.0655,4.55,0.22076,6.4929,122.452,849.1719,11.98,2,0.0,0.0,0.0,0,99.59,12.7209,0.26,2,0.0,0.0,0.0,0,0.105,0.105,1.0,star_s2_d0.50_v0.5_e009,2,20969d4257e2c6cafb45167f1c374f74ffa8eb7245d3ec03c4253c0dc3a78ce4,42,v0.5
star,69,9,-0.0605,0.0697,1.656,True,True,True,True,True,timeout,12.0001,5.6638,6.0,0.944,0.586,0.586,0.2509,0.0761,0.041874,True,0.4531,0.8267,0,0.0,,7.498,7.412,11.272,0.0651,0.067,4.608,0.22275,6.3941,136.293,849.3265,11.96,2,0.0,0.0,0.0,0,102.363,7.3957,0.1,2,0.0,0.0,0.0,0,0.105,0.105,1.0,star_s2_d0.50_v0.5_e009,2,20969d4257e2c6cafb45167f1c374f74ffa8eb7245d3ec03c4253c0dc3a78ce4,42,v0.5
floating_ring,70,9,0.036,-0.0495,-2.928,True,True,True,True,True,timeout,12.0001,5.4186,6.0,0.9031,0.1321,0.2015,0.1704,0.0931,0.040844,True,0.4679,0.5682,0,0.0,,6.973,15.224,20.281,0.0868,0.0697,4.717,0.25598,6.5822,171.436,847.6792,11.98,2,0.0,0.0,0.0,0,130.893,37.2924,0.76,7,0.0,0.0,0.0,0,0.225,0.225,1.0,floating_ring_s2_d0.50_v0.5_e009,2,20969d4257e2c6cafb45167f1c374f74ffa8eb7245d3ec03c4253c0dc3a78ce4,42,v0.5
floating_ring,71,9,-0.053,-0.0369,-3.482,True,True,True,True,True,timeout,12.0001,5.5483,6.0,0.9247,0.2882,0.2882,0.0244,0.081,0.041349,True,0.4634,0.7322,0,0.0,,6.788,16.475,21.269,0.0724,0.0639,4.719,0.24156,6.7061,131.158,845.6658,11.96,2,0.0,0.0,0.0,0,165.746,26.7768,0.48,3,0.0,0.0,0.0,0,0.225,0.225,1.0,floating_ring_s2_d0.50_v0.5_e009,2,20969d4257e2c6cafb45167f1c374f74ffa8eb7245d3ec03c4253c0dc3a78ce4,42,v0.5
floating_ring,72,9,0.0029,-0.0101,-3.436,True,True,True,True,True,timeout,12.0001,5.3789,6.0,0.8965,0.0725,0.1997,0.1198,0.0931,0.040946,True,0.474,0.6214,0,0.0,,7.3,15.766,20.909,0.0892,0.0654,4.68,0.24411,6.5717,192.798,841.9809,11.98,2,0.0,0.0,0.0,0,118.912,42.6315,0.9,8,0.0,0.0,0.0,0,0.225,0.225,1.0,floating_ring_s2_d0.50_v0.5_e009,2,20969d4257e2c6cafb45167f1c374f74ffa8eb7245d3ec03c4253c0dc3a78ce4,42,v0.5
floating_ring,73,9,0.0573,0.0394,4.892,True,True,True,True,True,timeout,12.0001,5.3952,6.0,0.8992,0.2792,0.2792,0.2196,0.094,0.040896,True,0.4262,0.4909,0,0.0,,7.323,15.182,20.14,0.0938,0.0657,4.684,0.25256,6.3861,184.472,844.8591,11.96,2,0.0,0.0,0.0,0,110.051,23.1651,0.58,7,0.0,0.0,0.0,0,0.225,0.225,1.0,floating_ring_s2_d0.50_v0.5_e009,2,20969d4257e2c6cafb45167f1c374f74ffa8eb7245d3ec03c4253c0dc3a78ce4,42,v0.5
floating_ring,74,9,0.0782,-0.0974,-4.052,True,True,True,True,True,timeout,12.0001,5.4227,6.0,0.9038,0.0205,0.2031,0.1293,0.0916,0.041001,True,0.449,0.468,0,0.0,,7.263,15.625,21.108,0.0845,0.0703,4.788,0.26556,6.5288,157.891,846.0452,11.98,2,0.0,0.0,0.0,0,125.684,46.7253,0.94,8,0.0,0.0,0.0,0,0.225,0.225,1.0,floating_ring_s2_d0.50_v0.5_e009,2,20969d4257e2c6cafb45167f1c374f74ffa8eb7245d3ec03c4253c0dc3a78ce4,42,v0.5
floating_ring,75,9,-0.0627,0.0888,3.829,True,True,True,True,True,timeout,12.0001,5.4989,6.0,0.9165,0.0198,0.0941,0.0622,0.0863,0.041447,True,0.4656,0.8238,0,0.0,,6.833,16.628,21.471,0.0817,0.0632,4.691,0.23611,6.6856,231.119,838.9265,11.96,2,0.0,0.0,0.0,0,96.251,27.8601,0.64,3,0.0,0.0,0.0,0,0.225,0.225,1.0,floating_ring_s2_d0.50_v0.5_e009,2,20969d4257e2c6cafb45167f1c374f74ffa8eb7245d3ec03c4253c0dc3a78ce4,42,v0.5
floating_ring,76,9,0.0543,-0.0732,0.171,True,True,True,True,True,timeout,12.0001,5.4807,6.0,0.9134,0.136,0.1885,0.1633,0.0894,0.04117,True,0.4314,0.5615,0,0.0,,7.058,15.474,20.719,0.0812,0.0704,4.739,0.25925,6.5518,156.492,849.674,11.96,2,0.0,0.0,0.0,0,267.089,48.7445,0.82,7,0.0,0.0,0.0,0,0.225,0.225,1.0,floating_ring_s2_d0.50_v0.5_e009,2,20969d4257e2c6cafb45167f1c374f74ffa8eb7245d3ec03c4253c0dc3a78ce4,42,v0.5
floating_ring,77,9,0.0211,-0.0912,-3.388,True,True,True,True,True,timeout,12.0001,5.3996,6.0,0.8999,0.0267,0.1946,0.1443,0.0942,0.040911,True,0.4767,0.5858,0,0.0,,7.334,15.422,20.822,0.0892,0.0679,4.685,0.25,6.4936,226.357,852.2264,11.98,2,0.0,0.0,0.0,0,117.084,42.2496,0.78,7,0.0,0.0,0.0,0,0.225,0.225,1.0,floating_ring_s2_d0.50_v0.5_e009,2,20969d4257e2c6cafb45167f1c374f74ffa8eb7245d3ec03c4253c0dc3a78ce4,42,v0.5
floating_ring,78,9,-0.054,-0.0544,3.6,True,True,True,True,True,timeout,12.0001,5.507,6.0,0.9178,0.2704,0.2723,0.0328,0.0841,0.041387,True,0.4786,0.8114,0,0.0,,7.054,15.992,21.545,0.0786,0.0632,4.727,0.2385,6.5035,149.795,843.2282,11.96,2,233.283,4.6657,0.02,1,79.818,26.1173,0.62,3,0.0,0.0,0.0,0,0.225,0.225,1.0,floating_ring_s2_d0.50_v0.5_e009,2,20969d4257e2c6cafb45167f1c374f74ffa8eb7245d3ec03c4253c0dc3a78ce4,42,v0.5
floating_ring,79,9,-0.0749,-0.0181,-0.282,True,True,True,True,True,timeout,12.0001,5.453,6.0,0.9088,0.2865,0.2909,0.0509,0.0879,0.041329,True,0.4727,0.7777,0,0.0,,6.761,15.931,21.652,0.0834,0.0633,4.743,0.24036,6.9302,199.342,837.8419,11.96,2,0.0,0.0,0.0,0,92.16,18.2186,0.32,2,0.0,0.0,0.0,0,0.225,0.225,1.0,floating_ring_s2_d0.50_v0.5_e009,2,20969d4257e2c6cafb45167f1c374f74ffa8eb7245d3ec03c4253c0dc3a78ce4,42,v0.5
repeated_boxes,80,9,-0.0366,-0.0856,-4.406,True,True,True,True,True,timeout,12.0001,5.4691,6.0,0.9115,0.3033,0.3034,0.1383,0.077,0.041868,True,0.4567,0.7705,0,0.0,,2.909,8.048,10.327,0.0632,0.0659,4.628,0.21447,7.6473,157.74,822.4492,11.96,2,0.0,0.0,0.0,0,0.0,0.0,0.0,0,0.0,0.0,0.0,0,0.0839,0.06,0.7154,repeated_boxes_s2_d0.50_v0.5_e009,2,20969d4257e2c6cafb45167f1c374f74ffa8eb7245d3ec03c4253c0dc3a78ce4,42,v0.5
repeated_boxes,81,9,-0.085,0.0568,2.33,True,True,True,True,True,timeout,12.0001,5.5073,6.0,0.9179,0.5189,0.5189,0.1859,0.0795,0.041992,True,0.4516,0.8246,0,0.0,,3.847,6.527,8.999,0.0641,0.0707,4.571,0.21519,5.8905,173.218,843.5427,11.96,2,0.0,0.0,0.0,0,42.994,1.1494,0.04,2,0.0,0.0,0.0,0,0.0839,0.0658,0.785,repeated_boxes_s2_d0.50_v0.5_e009,2,20969d4257e2c6cafb45167f1c374f74ffa8eb7245d3ec03c4253c0dc3a78ce4,42,v0.5
repeated_boxes,82,9,0.0126,-0.0461,0.444,True,True,True,True,True,timeout,12.0001,5.4737,6.0,0.9123,0.4083,0.4083,0.1463,0.0801,0.041896,True,0.4597,0.7935,0,0.0,,3.196,7.557,9.641,0.0643,0.0703,4.594,0.21798,6.2331,190.605,829.8982,11.96,2,0.0,0.0,0.0,0,106.011,25.0986,0.44,2,0.0,0.0,0.0,0,0.0837,0.0719,0.8588,repeated_boxes_s2_d0.50_v0.5_e009,2,20969d4257e2c6cafb45167f1c374f74ffa8eb7245d3ec03c4253c0dc3a78ce4,42,v0.5
repeated_boxes,83,9,0.0327,-0.0075,-0.302,True,True,True,True,True,timeout,12.0001,5.3639,6.0,0.894,0.5841,0.5841,0.2188,0.0837,0.041771,True,0.4762,0.5448,0,0.0,,3.151,5.989,8.502,0.0727,0.0677,4.629,0.21542,6.19,149.688,833.2767,11.96,2,0.0,0.0,0.0,0,107.507,22.5847,0.54,3,0.0,0.0,0.0,0,0.0839,0.0697,0.8304,repeated_boxes_s2_d0.50_v0.5_e009,2,20969d4257e2c6cafb45167f1c374f74ffa8eb7245d3ec03c4253c0dc3a78ce4,42,v0.5
repeated_boxes,84,9,0.0341,-0.0116,1.573,True,True,True,True,True,timeout,12.0001,5.4242,6.0,0.904,0.3546,0.3546,0.1278,0.0813,0.041741,True,0.4751,0.7038,0,0.0,,3.117,5.554,8.098,0.0683,0.0685,4.654,0.21884,6.8382,202.102,832.3481,11.96,2,0.0,0.0,0.0,0,91.685,13.9341,0.3,2,0.0,0.0,0.0,0,0.0824,0.0698,0.8472,repeated_boxes_s2_d0.50_v0.5_e009,2,20969d4257e2c6cafb45167f1c374f74ffa8eb7245d3ec03c4253c0dc3a78ce4,42,v0.5
repeated_boxes,85,9,0.0016,0.021,-0.963,True,True,True,True,True,timeout,12.0001,5.4349,6.0,0.9058,0.4505,0.4505,0.1779,0.0815,0.041871,True,0.4668,0.7182,0,0.0,,3.104,7.537,10.061,0.0674,0.0702,4.588,0.21401,6.5741,118.132,830.2914,11.96,2,0.0,0.0,0.0,0,81.99,14.7241,0.24,1,0.0,0.0,0.0,0,0.0841,0.0716,0.851,repeated_boxes_s2_d0.50_v0.5_e009,2,20969d4257e2c6cafb45167f1c374f74ffa8eb7245d3ec03c4253c0dc3a78ce4,42,v0.5
repeated_boxes,86,9,-0.0577,-0.0128,-0.884,True,True,True,True,True,timeout,12.0001,5.4686,6.0,0.9114,0.3861,0.389,0.1172,0.0811,0.041735,True,0.4714,0.7868,0,0.0,,3.223,8.478,10.999,0.064,0.0731,4.598,0.21765,7.1186,128.312,834.1678,11.98,2,0.0,0.0,0.0,0,53.252,2.5978,0.08,1,0.0,0.0,0.0,0,0.0838,0.06,0.7161,repeated_boxes_s2_d0.50_v0.5_e009,2,20969d4257e2c6cafb45167f1c374f74ffa8eb7245d3ec03c4253c0dc3a78ce4,42,v0.5
repeated_boxes,87,9,-0.0459,0.0027,-1.693,True,True,True,True,True,timeout,12.0001,5.4591,6.0,0.9098,0.4011,0.4041,0.1415,0.0802,0.042015,True,0.4588,0.763,0,0.0,,3.147,8.524,11.02,0.0644,0.0711,4.591,0.21377,7.2885,132.193,829.6024,11.96,2,0.0,0.0,0.0,0,27.805,1.5713,0.06,1,0.0,0.0,0.0,0,0.0841,0.06,0.7133,repeated_boxes_s2_d0.50_v0.5_e009,2,20969d4257e2c6cafb45167f1c374f74ffa8eb7245d3ec03c4253c0dc3a78ce4,42,v0.5
repeated_boxes,88,9,-0.0629,0.0222,3.23,True,True,True,True,True,timeout,12.0001,5.465,6.0,0.9108,0.4744,0.4744,0.1562,0.0802,0.041608,True,0.4762,0.7048,0,0.0,,3.21,8.506,11.409,0.0659,0.0702,4.669,0.22678,6.6789,113.197,839.7015,11.96,2,0.0,0.0,0.0,0,46.097,7.4339,0.26,3,0.0,0.0,0.0,0,0.0835,0.0676,0.8089,repeated_boxes_s2_d0.50_v0.5_e009,2,20969d4257e2c6cafb45167f1c374f74ffa8eb7245d3ec03c4253c0dc3a78ce4,42,v0.5
repeated_boxes,89,9,0.0511,0.0365,0.282,True,True,True,True,True,timeout,12.0001,5.4568,6.0,0.9095,0.2953,0.2953,0.1184,0.0795,0.041929,True,0.4802,0.7981,0,0.0,,3.068,5.633,8.175,0.0647,0.0684,4.589,0.21638,6.7923,159.319,828.7079,11.96,2,0.0,0.0,0.0,0,89.155,23.0829,0.48,3,0.0,0.0,0.0,0,0.0835,0.0709,0.8494,repeated_boxes_s2_d0.50_v0.5_e009,2,20969d4257e2c6cafb45167f1c374f74ffa8eb7245d3ec03c4253c0dc3a78ce4,42,v0.5
repeated_cylinders,90,9,0.0231,0.0556,1.993,True,True,True,True,True,timeout,12.0001,5.405,6.0,0.9008,0.3004,0.3004,0.1448,0.0816,0.041945,True,0.4575,0.7456,0,0.0,,3.087,6.742,9.554,0.0671,0.0682,4.558,0.20919,6.4895,143.93,827.6823,11.96,2,0.0,0.0,0.0,0,70.735,21.2011,0.52,2,0.0,0.0,0.0,0,0.0671,0.06,0.8938,repeated_cylinders_s2_d0.50_v0.5_e009,2,20969d4257e2c6cafb45167f1c374f74ffa8eb7245d3ec03c4253c0dc3a78ce4,42,v0.5
repeated_cylinders,91,9,0.0586,0.0634,-2.581,True,True,True,True,True,timeout,12.0001,5.4261,6.0,0.9043,0.3704,0.3704,0.1381,0.0815,0.042031,True,0.4543,0.745,0,0.0,,3.068,4.735,7.417,0.0663,0.0699,4.547,0.21483,6.6424,184.764,827.4739,11.96,2,0.0,0.0,0.0,0,47.922,16.3294,0.62,5,0.0,0.0,0.0,0,0.0672,0.06,0.8926,repeated_cylinders_s2_d0.50_v0.5_e009,2,20969d4257e2c6cafb45167f1c374f74ffa8eb7245d3ec03c4253c0dc3a78ce4,42,v0.5
repeated_cylinders,92,9,0.0578,0.002,-1.029,True,True,True,True,True,timeout,12.0001,5.489,6.0,0.9148,0.3564,0.3564,0.1119,0.0776,0.041919,True,0.4829,0.8362,0,0.0,,3.055,5.31,8.128,0.0624,0.0689,4.604,0.21773,7.0893,151.585,827.2319,11.96,2,0.0,0.0,0.0,0,91.905,26.6603,0.54,4,0.0,0.0,0.0,0,0.0672,0.0671,0.9982,repeated_cylinders_s2_d0.50_v0.5_e009,2,20969d4257e2c6cafb45167f1c374f74ffa8eb7245d3ec03c4253c0dc3a78ce4,42,v0.5
repeated_cylinders,93,9,0.0136,-0.0955,1.458,True,True,True,True,True,timeout,12.0001,5.4154,6.0,0.9026,0.3904,0.3904,0.1332,0.0823,0.041713,True,0.4768,0.6467,0,0.0,,3.129,6.813,9.605,0.069,0.0709,4.692,0.21757,6.648,163.974,832.8145,11.96,2,0.0,0.0,0.0,0,42.794,6.8821,0.24,3,0.0,0.0,0.0,0,0.0673,0.0636,0.945,repeated_cylinders_s2_d0.50_v0.5_e009,2,20969d4257e2c6cafb45167f1c374f74ffa8eb7245d3ec03c4253c0dc3a78ce4,42,v0.5
repeated_cylinders,94,9,0.0576,0.0031,3.857,True,True,True,True,True,timeout,12.0001,5.4338,6.0,0.9056,0.2658,0.2658,0.1201,0.0809,0.04194,True,0.476,0.7333,0,0.0,,3.022,4.683,7.489,0.0657,0.0682,4.611,0.21222,7.5,202.362,830.2825,11.96,2,0.0,0.0,0.0,0,54.475,12.9211,0.42,3,0.0,0.0,0.0,0,0.0672,0.06,0.8924,repeated_cylinders_s2_d0.50_v0.5_e009,2,20969d4257e2c6cafb45167f1c374f74ffa8eb7245d3ec03c4253c0dc3a78ce4,42,v0.5
repeated_cylinders,95,9,0.0801,-0.0614,3.225,True,True,True,True,True,timeout,12.0001,5.4914,6.0,0.9152,0.2919,0.2953,0.1023,0.0798,0.041888,True,0.4391,0.8338,0,0.0,,3.533,6.147,8.121,0.0627,0.0699,4.658,0.21728,7.0793,113.879,832.9474,11.98,2,0.0,0.0,0.0,0,51.348,4.4712,0.16,3,0.0,0.0,0.0,0,0.0672,0.06,0.8925,repeated_cylinders_s2_d0.50_v0.5_e009,2,20969d4257e2c6cafb45167f1c374f74ffa8eb7245d3ec03c4253c0dc3a78ce4,42,v0.5
repeated_cylinders,96,9,0.0644,-0.0456,-2.729,True,True,True,True,True,timeout,12.0001,5.4467,6.0,0.9078,0.1951,0.1981,0.0298,0.08,0.041844,True,0.4668,0.6381,0,0.0,,3.135,4.626,7.371,0.0666,0.0688,4.621,0.22195,6.2977,119.713,828.9831,11.96,2,0.0,0.0,0.0,0,73.337,8.7717,0.24,2,0.0,0.0,0.0,0,0.0689,0.0623,0.9053,repeated_cylinders_s2_d0.50_v0.5_e009,2,20969d4257e2c6cafb45167f1c374f74ffa8eb7245d3ec03c4253c0dc3a78ce4,42,v0.5
repeated_cylinders,97,9,0.051,0.0651,2.055,True,True,True,True,True,timeout,12.0001,5.4495,6.0,0.9082,0.1817,0.1863,0.1252,0.081,0.041824,True,0.4666,0.7042,0,0.0,,3.13,5.819,7.496,0.067,0.0674,4.646,0.21907,6.7908,156.191,836.0054,11.96,2,0.0,0.0,0.0,0,58.109,10.8172,0.26,2,0.0,0.0,0.0,0,0.0672,0.06,0.8924,repeated_cylinders_s2_d0.50_v0.5_e009,2,20969d4257e2c6cafb45167f1c374f74ffa8eb7245d3ec03c4253c0dc3a78ce4,42,v0.5
repeated_cylinders,98,9,-0.0485,0.0793,-1.176,True,True,True,True,True,timeout,12.0001,5.4432,6.0,0.9072,0.3843,0.3849,0.1356,0.0793,0.041854,True,0.4731,0.7436,0,0.0,,2.977,8.453,11.306,0.0664,0.067,4.664,0.22194,6.8348,105.996,829.6263,11.98,2,0.0,0.0,0.0,0,102.985,34.1581,0.64,3,0.0,0.0,0.0,0,0.0672,0.0644,0.9572,repeated_cylinders_s2_d0.50_v0.5_e009,2,20969d4257e2c6cafb45167f1c374f74ffa8eb7245d3ec03c4253c0dc3a78ce4,42,v0.5
repeated_cylinders,99,9,-0.0704,0.0547,-2.767,True,True,True,True,True,timeout,12.0001,5.5039,6.0,0.9173,0.1393,0.1425,0.0957,0.0773,0.041883,True,0.435,0.8254,0,0.0,,3.05,5.433,8.4,0.063,0.067,4.661,0.2179,7.5513,129.703,827.5357,11.98,2,0.0,0.0,0.0,0,24.665,1.374,0.1,2,0.0,0.0,0.0,0,0.0672,0.06,0.8936,repeated_cylinders_s2_d0.50_v0.5_e009,2,20969d4257e2c6cafb45167f1c374f74ffa8eb7245d3ec03c4253c0dc3a78ce4,42,v0.5
gap,33,10,-0.0183,-0.0727,-1.136,True,True,True,True,True,timeout,12.0001,5.7598,6.0,0.96,0.0075,0.101,0.0737,0.0999,0.039846,True,0.4551,1.4962,0,0.0,,6.968,6.94,6.94,0.1108,0.0684,5.054,0.26639,7.2003,201.905,839.0554,11.98,2,0.0,0.0,0.0,0,191.262,61.0649,0.88,2,0.0,0.0,0.0,0,0.0,0.0,,gap_s2_d0.50_v0.5_e010,2,20969d4257e2c6cafb45167f1c374f74ffa8eb7245d3ec03c4253c0dc3a78ce4,42,v0.5
gap,36,10,-0.0956,0.0449,-3.511,False,False,False,False,False,base_contact,2.08,0.9625,6.0,0.1604,0.7839,0.8067,,0.7137,-0.028992,False,,-2.2693,18,1129.845,0.76,157.958,53.62,53.62,0.7996,0.401,10.997,2.0232,1.5337,1740.527,202.9275,1.66,4,575.966,18.5905,0.08,2,3159.911,64.2757,0.04,2,1129.845,67.9335,0.36,4,0.0,0.0,,gap_s2_d0.50_v0.5_e010,2,20969d4257e2c6cafb45167f1c374f74ffa8eb7245d3ec03c4253c0dc3a78ce4,42,v0.5
discrete_obstacles,0,10,-0.057,0.0979,-2.668,True,True,True,True,True,timeout,12.0001,5.4594,6.0,0.9099,0.3279,0.3315,0.1199,0.0811,0.040954,True,0.4631,0.8341,0,0.0,,3.173,4.225,4.897,0.0746,0.0666,4.598,0.21911,7.7458,334.979,819.6864,11.88,2,0.0,0.0,0.0,0,0.0,0.0,0.0,0,0.0,0.0,0.0,0,0.155,0.05,0.3226,discrete_obstacles_s2_d0.50_v0.5_e010,2,20969d4257e2c6cafb45167f1c374f74ffa8eb7245d3ec03c4253c0dc3a78ce4,42,v0.5
discrete_obstacles,1,10,-0.0646,0.0112,4.029,True,True,True,True,True,timeout,12.0001,5.4518,6.0,0.9086,0.294,0.302,0.1595,0.0794,0.041408,True,0.488,0.8288,0,0.0,,2.991,4.536,4.895,0.0746,0.0662,4.572,0.22002,6.9172,300.488,812.1108,11.86,2,0.0,0.0,0.0,0,0.0,0.0,0.0,0,0.0,0.0,0.0,0,0.21,0.05,0.2381,discrete_obstacles_s2_d0.50_v0.5_e010,2,20969d4257e2c6cafb45167f1c374f74ffa8eb7245d3ec03c4253c0dc3a78ce4,42,v0.5
discrete_obstacles,2,10,-0.0619,-0.0095,-2.47,True,True,True,True,True,timeout,12.0001,5.4649,6.0,0.9108,0.386,0.3907,0.1537,0.081,0.041042,True,0.4608,0.6877,0,0.0,,3.41,7.046,7.614,0.0776,0.0654,4.716,0.23,7.2011,362.176,827.6982,11.86,2,0.0,0.0,0.0,0,0.0,0.0,0.0,0,0.0,0.0,0.0,0,0.155,0.05,0.3226,discrete_obstacles_s2_d0.50_v0.5_e010,2,20969d4257e2c6cafb45167f1c374f74ffa8eb7245d3ec03c4253c0dc3a78ce4,42,v0.5
discrete_obstacles,3,10,-0.06,0.0995,2.906,True,True,True,True,True,timeout,12.0001,5.4703,6.0,0.9117,0.2796,0.2819,0.0914,0.0794,0.041101,True,0.4619,0.8436,0,0.0,,3.291,6.018,6.206,0.0733,0.0675,4.637,0.22214,7.5835,310.797,813.425,11.88,2,0.0,0.0,0.0,0,0.0,0.0,0.0,0,0.0,0.0,0.0,0,0.21,0.05,0.2381,discrete_obstacles_s2_d0.50_v0.5_e010,2,20969d4257e2c6cafb45167f1c374f74ffa8eb7245d3ec03c4253c0dc3a78ce4,42,v0.5
discrete_obstacles,4,10,0.0397,-0.0927,-3.733,True,True,True,True,True,timeout,12.0001,5.497,6.0,0.9162,0.4778,0.4778,0.1854,0.0827,0.040647,True,0.4235,0.7156,0,0.0,,6.573,9.426,11.709,0.0798,0.0676,4.784,0.2331,7.0896,300.621,841.08,11.88,2,0.0,0.0,0.0,0,0.0,0.0,0.0,0,0.0,0.0,0.0,0,0.155,0.155,1.0,discrete_obstacles_s2_d0.50_v0.5_e010,2,20969d4257e2c6cafb45167f1c374f74ffa8eb7245d3ec03c4253c0dc3a78ce4,42,v0.5
discrete_obstacles,5,10,0.0252,0.0914,-3.385,True,True,True,True,True,timeout,12.0001,5.4482,6.0,0.908,0.3519,0.3519,0.1561,0.0802,0.041163,True,0.4233,0.843,0,0.0,,2.985,3.584,4.793,0.0745,0.0662,4.671,0.22019,7.8631,262.107,813.0724,11.88,2,0.0,0.0,0.0,0,0.0,0.0,0.0,0,0.0,0.0,0.0,0,0.155,0.05,0.3226,discrete_obstacles_s2_d0.50_v0.5_e010,2,20969d4257e2c6cafb45167f1c374f74ffa8eb7245d3ec03c4253c0dc3a78ce4,42,v0.5
discrete_obstacles,6,10,-0.0351,-0.0658,4.268,True,True,True,True,True,timeout,12.0001,5.4234,6.0,0.9039,0.4957,0.4957,0.1749,0.0809,0.041164,True,0.4618,0.791,0,0.0,,3.158,3.675,4.974,0.0753,0.0674,4.641,0.22123,7.8988,305.156,823.436,11.86,2,0.0,0.0,0.0,0,0.0,0.0,0.0,0,0.0,0.0,0.0,0,0.21,0.05,0.2381,discrete_obstacles_s2_d0.50_v0.5_e010,2,20969d4257e2c6cafb45167f1c374f74ffa8eb7245d3ec03c4253c0dc3a78ce4,42,v0.5
discrete_obstacles,7,10,0.0805,-0.0848,2.524,True,True,True,True,True,timeout,12.0001,5.481,6.0,0.9135,0.3763,0.3763,0.1302,0.0812,0.040993,True,0.4804,0.6749,0,0.0,,3.034,5.618,6.689,0.0763,0.0683,4.727,0.22503,7.5131,273.023,829.6603,11.88,2,0.0,0.0,0.0,0,0.0,0.0,0.0,0,0.0,0.0,0.0,0,0.21,0.05,0.2381,discrete_obstacles_s2_d0.50_v0.5_e010,2,20969d4257e2c6cafb45167f1c374f74ffa8eb7245d3ec03c4253c0dc3a78ce4,42,v0.5
discrete_obstacles,8,10,0.0943,-0.0569,-0.25,True,True,True,True,True,timeout,12.0001,5.4562,6.0,0.9094,0.4783,0.479,0.22,0.0815,0.040917,True,0.4611,0.7026,0,0.0,,2.892,5.381,6.873,0.077,0.0675,4.751,0.22447,7.895,234.333,825.0193,11.88,2,0.0,0.0,0.0,0,0.0,0.0,0.0,0,0.0,0.0,0.0,0,0.21,0.05,0.2381,discrete_obstacles_s2_d0.50_v0.5_e010,2,20969d4257e2c6cafb45167f1c374f74ffa8eb7245d3ec03c4253c0dc3a78ce4,42,v0.5
discrete_obstacles,9,10,-0.053,-0.0203,1.273,True,True,True,True,True,timeout,12.0001,5.4575,6.0,0.9096,0.3086,0.3111,0.1173,0.0805,0.041018,True,0.4652,0.821,0,0.0,,3.28,3.805,5.315,0.0747,0.0669,4.624,0.21783,8.1544,324.335,821.0507,11.88,2,0.0,0.0,0.0,0,0.0,0.0,0.0,0,0.0,0.0,0.0,0,0.21,0.05,0.2381,discrete_obstacles_s2_d0.50_v0.5_e010,2,20969d4257e2c6cafb45167f1c374f74ffa8eb7245d3ec03c4253c0dc3a78ce4,42,v0.5
wave,10,10,-0.0056,-0.0758,1.049,True,True,True,True,True,timeout,12.0001,5.4811,6.0,0.9135,0.4004,0.4004,0.1206,0.078,0.041773,True,0.4782,-0.0802,0,0.0,,4.068,6.526,8.985,0.071,0.067,4.611,0.21081,7.3256,277.84,836.9785,11.92,2,0.0,0.0,0.0,0,0.0,0.0,0.0,0,0.0,0.0,0.0,0,0.1257,0.0721,0.5731,wave_s2_d0.50_v0.5_e010,2,20969d4257e2c6cafb45167f1c374f74ffa8eb7245d3ec03c4253c0dc3a78ce4,42,v0.5
wave,11,10,0.0081,-0.009,3.443,True,True,True,True,True,timeout,12.0001,5.5169,6.0,0.9195,0.3359,0.3359,0.091,0.0771,0.041767,True,0.4795,-0.0693,0,0.0,,3.96,6.41,8.955,0.0703,0.0668,4.599,0.21231,8.0334,372.219,832.1213,11.94,2,0.0,0.0,0.0,0,0.0,0.0,0.0,0,0.0,0.0,0.0,0,0.1399,0.0834,0.5962,wave_s2_d0.50_v0.5_e010,2,20969d4257e2c6cafb45167f1c374f74ffa8eb7245d3ec03c4253c0dc3a78ce4,42,v0.5
wave,12,10,0.0665,0.0376,-0.546,True,True,True,True,True,timeout,12.0001,5.509,6.0,0.9182,0.2598,0.2648,0.0668,0.0763,0.041811,True,0.4716,-0.0579,0,0.0,,3.597,6.546,8.928,0.0698,0.0657,4.612,0.21256,7.8714,339.423,833.5227,11.94,2,0.0,0.0,0.0,0,0.0,0.0,0.0,0,0.0,0.0,0.0,0,0.1189,0.07,0.5887,wave_s2_d0.50_v0.5_e010,2,20969d4257e2c6cafb45167f1c374f74ffa8eb7245d3ec03c4253c0dc3a78ce4,42,v0.5
wave,13,10,0.0663,-0.0894,-2.239,True,True,True,True,True,timeout,12.0001,5.4678,6.0,0.9113,0.4192,0.4192,0.083,0.0787,0.041808,True,0.4952,-0.072,0,0.0,,3.789,6.977,9.453,0.0709,0.0676,4.602,0.20819,6.9042,277.176,833.0018,11.94,2,0.0,0.0,0.0,0,0.0,0.0,0.0,0,0.0,0.0,0.0,0,0.1364,0.0716,0.5246,wave_s2_d0.50_v0.5_e010,2,20969d4257e2c6cafb45167f1c374f74ffa8eb7245d3ec03c4253c0dc3a78ce4,42,v0.5
wave,14,10,0.0465,0.0796,1.211,True,True,True,True,True,timeout,12.0001,5.5179,6.0,0.9196,0.5018,0.5018,0.1537,0.0767,0.041825,True,0.471,-0.0786,0,0.0,,3.457,6.473,9.042,0.0694,0.0668,4.556,0.21137,7.9391,329.817,831.6185,11.94,2,0.0,0.0,0.0,0,0.0,0.0,0.0,0,0.0,0.0,0.0,0,0.14,0.0842,0.6014,wave_s2_d0.50_v0.5_e010,2,20969d4257e2c6cafb45167f1c374f74ffa8eb7245d3ec03c4253c0dc3a78ce4,42,v0.5
wave,15,10,-0.0471,-0.0389,2.398,True,True,True,True,True,timeout,12.0001,5.5018,6.0,0.917,0.4143,0.4174,0.1112,0.0766,0.041776,True,0.4903,-0.0778,0,0.0,,3.664,6.759,9.38,0.0706,0.0661,4.581,0.21014,7.4073,252.347,832.9461,11.92,2,0.0,0.0,0.0,0,0.0,0.0,0.0,0,0.0,0.0,0.0,0,0.1359,0.0774,0.5698,wave_s2_d0.50_v0.5_e010,2,20969d4257e2c6cafb45167f1c374f74ffa8eb7245d3ec03c4253c0dc3a78ce4,42,v0.5
wave,16,10,-0.0088,0.0519,4.898,True,True,True,True,True,timeout,12.0001,5.5522,6.0,0.9254,0.3966,0.3987,0.1353,0.0765,0.041824,True,0.4752,-0.0646,0,0.0,,3.719,6.577,9.304,0.0691,0.0673,4.573,0.21327,7.6816,303.589,833.4326,11.92,2,0.0,0.0,0.0,0,0.0,0.0,0.0,0,0.0,0.0,0.0,0,0.14,0.1029,0.7347,wave_s2_d0.50_v0.5_e010,2,20969d4257e2c6cafb45167f1c374f74ffa8eb7245d3ec03c4253c0dc3a78ce4,42,v0.5
wave,17,10,-0.0636,0.0051,0.341,True,True,True,True,True,timeout,12.0001,5.4876,6.0,0.9146,0.4027,0.406,0.1438,0.0778,0.041677,True,0.5024,0.0,0,0.0,,3.625,6.731,9.339,0.0716,0.0663,4.615,0.21348,7.1401,265.445,832.1284,11.92,2,0.0,0.0,0.0,0,0.0,0.0,0.0,0,0.0,0.0,0.0,0,0.1301,0.0753,0.5784,wave_s2_d0.50_v0.5_e010,2,20969d4257e2c6cafb45167f1c374f74ffa8eb7245d3ec03c4253c0dc3a78ce4,42,v0.5
wave,18,10,-0.0744,0.0363,3.022,True,True,True,True,True,timeout,12.0001,5.5284,6.0,0.9214,0.4094,0.4094,0.1523,0.0771,0.041805,True,0.5378,-0.0592,0,0.0,,3.701,6.393,9.113,0.0709,0.0667,4.572,0.21148,7.4192,338.019,832.9465,11.92,2,0.0,0.0,0.0,0,0.0,0.0,0.0,0,0.0,0.0,0.0,0,0.14,0.0906,0.6474,wave_s2_d0.50_v0.5_e010,2,20969d4257e2c6cafb45167f1c374f74ffa8eb7245d3ec03c4253c0dc3a78ce4,42,v0.5
wave,19,10,0.0479,-0.0245,3.407,True,True,True,True,True,timeout,12.0001,5.5135,6.0,0.9189,0.2815,0.2819,0.069,0.0768,0.041847,True,0.4851,-0.0771,0,0.0,,3.803,6.389,8.932,0.0698,0.0662,4.578,0.211,7.8585,270.129,830.9073,11.94,2,0.0,0.0,0.0,0,0.0,0.0,0.0,0,0.0,0.0,0.0,0,0.1369,0.0791,0.5777,wave_s2_d0.50_v0.5_e010,2,20969d4257e2c6cafb45167f1c374f74ffa8eb7245d3ec03c4253c0dc3a78ce4,42,v0.5
gap,32,10,-0.013,0.0175,1.171,True,True,True,True,True,timeout,12.0001,5.7251,6.0,0.9542,0.5223,0.5276,0.3757,0.0895,0.040418,True,0.4393,1.4475,0,0.0,,6.907,7.081,7.081,0.0881,0.067,4.96,0.26667,7.1156,206.887,857.8966,11.96,2,0.0,0.0,0.0,0,275.397,27.1233,0.56,3,0.0,0.0,0.0,0,0.0,0.0,,gap_s2_d0.50_v0.5_e010,2,20969d4257e2c6cafb45167f1c374f74ffa8eb7245d3ec03c4253c0dc3a78ce4,42,v0.5
gap,37,10,-0.0194,0.0983,-0.566,True,True,True,True,True,timeout,12.0001,5.7763,6.0,0.9627,0.0425,0.1652,0.1128,0.0956,0.040117,True,0.4265,1.5938,0,0.0,,6.89,7.259,7.259,0.0971,0.0716,4.951,0.2752,7.5675,224.365,853.3792,11.96,2,0.0,0.0,0.0,0,732.402,46.9377,0.62,2,0.0,0.0,0.0,0,0.0,0.0,,gap_s2_d0.50_v0.5_e010,2,20969d4257e2c6cafb45167f1c374f74ffa8eb7245d3ec03c4253c0dc3a78ce4,42,v0.5
gap,39,10,0.045,0.0703,-4.159,True,True,True,True,True,timeout,12.0001,5.8315,6.0,0.9719,0.1191,0.1261,0.028,0.091,0.040548,True,0.4397,1.3605,0,0.0,,6.636,5.443,5.443,0.0924,0.0676,4.873,0.24571,7.6597,242.537,848.5132,11.96,2,0.0,0.0,0.0,0,108.345,27.6748,0.6,2,0.0,0.0,0.0,0,0.0,0.0,,gap_s2_d0.50_v0.5_e010,2,20969d4257e2c6cafb45167f1c374f74ffa8eb7245d3ec03c4253c0dc3a78ce4,42,v0.5
pit,40,10,0.0782,-0.0635,3.694,True,True,True,True,True,timeout,12.0001,5.6353,6.0,0.9392,0.1407,0.1469,0.133,0.0785,0.041809,True,0.4673,0.8305,0,0.0,,6.689,15.391,25.075,0.0697,0.0624,4.705,0.24635,6.6761,132.428,834.154,11.98,2,0.0,0.0,0.0,0,27.274,0.5455,0.02,1,0.0,0.0,0.0,0,0.2,0.2,1.0,pit_s2_d0.50_v0.5_e010,2,20969d4257e2c6cafb45167f1c374f74ffa8eb7245d3ec03c4253c0dc3a78ce4,42,v0.5
pit,41,10,-0.0277,-0.0143,-4.743,True,True,True,True,True,timeout,12.0001,5.6264,6.0,0.9377,0.1781,0.1894,0.1205,0.0793,0.041881,True,0.4735,0.8474,0,0.0,,7.088,14.961,24.911,0.0688,0.064,4.699,0.23398,7.0624,142.855,827.0195,11.96,2,0.0,0.0,0.0,0,0.0,0.0,0.0,0,0.0,0.0,0.0,0,0.2,0.2,1.0,pit_s2_d0.50_v0.5_e010,2,20969d4257e2c6cafb45167f1c374f74ffa8eb7245d3ec03c4253c0dc3a78ce4,42,v0.5
pit,42,10,0.051,0.016,4.254,True,True,True,True,True,timeout,12.0001,5.6408,6.0,0.9401,0.1682,0.1762,0.1398,0.0784,0.041754,True,0.4669,0.838,0,0.0,,6.866,14.859,24.602,0.0699,0.0618,4.698,0.24322,6.9144,123.972,833.6895,11.98,2,0.0,0.0,0.0,0,17.582,0.3516,0.02,1,0.0,0.0,0.0,0,0.2,0.2,1.0,pit_s2_d0.50_v0.5_e010,2,20969d4257e2c6cafb45167f1c374f74ffa8eb7245d3ec03c4253c0dc3a78ce4,42,v0.5
pit,43,10,-0.0782,0.0844,-4.999,True,True,True,True,True,timeout,12.0001,5.6206,6.0,0.9368,0.2157,0.2236,0.1248,0.0786,0.041818,True,0.4673,0.8454,0,0.0,,6.821,15.212,25.146,0.0676,0.0641,4.694,0.23155,7.1524,120.615,825.5443,11.96,2,0.0,0.0,0.0,0,0.0,0.0,0.0,0,0.0,0.0,0.0,0,0.2,0.2,1.0,pit_s2_d0.50_v0.5_e010,2,20969d4257e2c6cafb45167f1c374f74ffa8eb7245d3ec03c4253c0dc3a78ce4,42,v0.5
pit,44,10,-0.0134,-0.068,-4.644,True,True,True,True,True,timeout,12.0001,5.6307,6.0,0.9385,0.2468,0.2574,0.166,0.0787,0.041709,True,0.4672,0.8456,0,0.0,,6.836,15.005,24.857,0.0693,0.0624,4.694,0.23473,6.9658,120.902,828.9108,11.98,2,0.0,0.0,0.0,0,0.0,0.0,0.0,0,0.0,0.0,0.0,0,0.2,0.2,1.0,pit_s2_d0.50_v0.5_e010,2,20969d4257e2c6cafb45167f1c374f74ffa8eb7245d3ec03c4253c0dc3a78ce4,42,v0.5
pit,45,10,-0.0094,0.0191,-3.835,True,True,True,True,True,timeout,12.0001,5.6305,6.0,0.9384,0.2245,0.2359,0.1524,0.0786,0.041813,True,0.474,0.8469,0,0.0,,7.151,14.977,24.745,0.0691,0.0627,4.695,0.23544,6.892,152.374,829.0603,11.96,2,0.0,0.0,0.0,0,0.0,0.0,0.0,0,0.0,0.0,0.0,0,0.2,0.2,1.0,pit_s2_d0.50_v0.5_e010,2,20969d4257e2c6cafb45167f1c374f74ffa8eb7245d3ec03c4253c0dc3a78ce4,42,v0.5
pit,46,10,0.0897,0.0509,-1.47,True,True,True,True,True,timeout,12.0001,5.6363,6.0,0.9394,0.1436,0.159,0.1326,0.0785,0.041827,True,0.4715,0.8191,0,0.0,,6.587,15.396,25.17,0.0698,0.0622,4.72,0.24688,6.8712,123.421,832.0192,11.96,2,0.0,0.0,0.0,0,55.753,1.1151,0.02,1,0.0,0.0,0.0,0,0.2,0.2,1.0,pit_s2_d0.50_v0.5_e010,2,20969d4257e2c6cafb45167f1c374f74ffa8eb7245d3ec03c4253c0dc3a78ce4,42,v0.5
pit,47,10,0.0166,-0.0668,-2.273,True,True,True,True,True,timeout,12.0001,5.6398,6.0,0.94,0.2469,0.2565,0.1665,0.079,0.041791,True,0.4681,0.8438,0,0.0,,7.312,14.961,24.703,0.0697,0.0628,4.688,0.23795,6.9496,114.877,830.2593,11.96,2,0.0,0.0,0.0,0,0.0,0.0,0.0,0,0.0,0.0,0.0,0,0.2,0.2,1.0,pit_s2_d0.50_v0.5_e010,2,20969d4257e2c6cafb45167f1c374f74ffa8eb7245d3ec03c4253c0dc3a78ce4,42,v0.5
pit,48,10,-0.0874,-0.0228,4.45,True,True,True,True,True,timeout,12.0001,5.618,6.0,0.9363,0.3865,0.3892,0.1678,0.0805,0.041426,True,0.4733,0.7926,0,0.0,,3.142,12.92,22.46,0.0717,0.0664,4.774,0.2654,6.5012,167.222,837.587,11.96,2,0.0,0.0,0.0,0,42.226,2.349,0.08,2,0.0,0.0,0.0,0,0.2,0.2,1.0,pit_s2_d0.50_v0.5_e010,2,20969d4257e2c6cafb45167f1c374f74ffa8eb7245d3ec03c4253c0dc3a78ce4,42,v0.5
pit,49,10,0.0929,-0.019,1.301,True,True,True,True,True,timeout,12.0001,5.6316,6.0,0.9386,0.12,0.1344,0.1271,0.0782,0.041787,True,0.4705,0.835,0,0.0,,6.723,15.443,25.112,0.07,0.0618,4.733,0.24993,7.0794,123.078,831.348,11.96,2,0.0,0.0,0.0,0,53.727,1.0745,0.02,1,0.0,0.0,0.0,0,0.2,0.2,1.0,pit_s2_d0.50_v0.5_e010,2,20969d4257e2c6cafb45167f1c374f74ffa8eb7245d3ec03c4253c0dc3a78ce4,42,v0.5
rails,50,10,0.0808,-0.0549,-2.213,True,True,True,True,True,timeout,12.0001,5.6281,6.0,0.938,0.0143,0.072,0.0216,0.0816,0.04162,True,0.5466,0.832,0,0.0,,3.083,5.728,6.177,0.066,0.0721,4.674,0.25396,5.5311,202.512,847.6594,11.96,2,0.0,0.0,0.0,0,109.846,61.5293,1.16,4,0.0,0.0,0.0,0,0.115,0.115,1.0,rails_s2_d0.50_v0.5_e010,2,20969d4257e2c6cafb45167f1c374f74ffa8eb7245d3ec03c4253c0dc3a78ce4,42,v0.5
rails,51,10,-0.0323,-0.0884,-1.221,True,True,True,True,True,timeout,12.0001,5.5493,6.0,0.9249,0.075,0.0847,0.0135,0.0806,0.041151,True,0.4274,0.7185,0,0.0,,4.789,5.765,6.344,0.0683,0.0688,4.718,0.2571,5.2536,123.875,845.3206,11.98,2,0.0,0.0,0.0,0,168.73,46.0862,0.86,4,0.0,0.0,0.0,0,0.115,0.115,1.0,rails_s2_d0.50_v0.5_e010,2,20969d4257e2c6cafb45167f1c374f74ffa8eb7245d3ec03c4253c0dc3a78ce4,42,v0.5
rails,52,10,-0.0833,-0.0286,3.488,True,True,True,True,True,timeout,12.0001,5.518,6.0,0.9197,0.3235,0.3248,0.118,0.0807,0.041444,True,0.4319,0.5885,0,0.0,,2.992,5.484,5.902,0.0678,0.0708,4.722,0.25718,5.6643,127.166,838.1694,11.96,2,0.0,0.0,0.0,0,181.632,92.9677,1.52,4,0.0,0.0,0.0,0,0.115,0.115,1.0,rails_s2_d0.50_v0.5_e010,2,20969d4257e2c6cafb45167f1c374f74ffa8eb7245d3ec03c4253c0dc3a78ce4,42,v0.5
rails,53,10,0.0807,0.099,0.444,True,True,True,True,True,timeout,12.0001,5.5592,6.0,0.9265,0.2075,0.2075,0.0245,0.0864,0.041127,True,0.5422,0.5352,0,0.0,,3.012,5.436,6.006,0.0745,0.0732,4.8,0.24537,6.4025,126.792,845.1401,11.98,2,0.0,0.0,0.0,0,104.795,45.6473,0.92,5,0.0,0.0,0.0,0,0.115,0.115,1.0,rails_s2_d0.50_v0.5_e010,2,20969d4257e2c6cafb45167f1c374f74ffa8eb7245d3ec03c4253c0dc3a78ce4,42,v0.5
rails,54,10,-0.0919,-0.0884,-4.713,True,True,True,True,True,timeout,12.0001,5.4778,6.0,0.913,0.0996,0.101,0.0262,0.0864,0.041127,True,0.3841,0.25,0,0.0,,5.725,5.129,5.376,0.0788,0.0735,4.82,0.26734,5.2805,159.254,846.5823,11.96,2,0.0,0.0,0.0,0,150.055,40.4949,0.96,6,0.0,0.0,0.0,0,0.115,0.115,1.0,rails_s2_d0.50_v0.5_e010,2,20969d4257e2c6cafb45167f1c374f74ffa8eb7245d3ec03c4253c0dc3a78ce4,42,v0.5
rails,55,10,0.0239,-0.0983,-0.301,True,True,True,True,True,timeout,12.0001,5.463,6.0,0.9105,0.6882,0.6882,0.3078,0.0854,0.041194,True,0.5034,0.4126,0,0.0,,5.435,4.263,5.04,0.0727,0.0734,4.705,0.25268,5.8335,153.683,850.054,11.96,2,0.0,0.0,0.0,0,127.257,41.9934,0.8,6,0.0,0.0,0.0,0,0.115,0.115,1.0,rails_s2_d0.50_v0.5_e010,2,20969d4257e2c6cafb45167f1c374f74ffa8eb7245d3ec03c4253c0dc3a78ce4,42,v0.5
rails,56,10,0.0665,0.0072,-0.35,True,True,True,True,True,timeout,12.0001,5.4122,6.0,0.902,0.298,0.3025,0.1484,0.089,0.040886,True,0.5141,-0.1135,0,0.0,,5.813,4.974,5.378,0.0892,0.0702,4.733,0.25766,5.3419,117.555,850.3885,11.98,2,195.276,3.9055,0.02,1,113.513,38.2887,0.86,4,0.0,0.0,0.0,0,0.115,0.115,1.0,rails_s2_d0.50_v0.5_e010,2,20969d4257e2c6cafb45167f1c374f74ffa8eb7245d3ec03c4253c0dc3a78ce4,42,v0.5
rails,57,10,0.0219,0.0851,0.303,True,True,True,True,True,timeout,12.0001,5.4651,6.0,0.9109,0.417,0.417,0.1666,0.0856,0.04113,True,0.5001,0.3367,0,0.0,,5.13,4.203,5.102,0.0744,0.0728,4.727,0.25313,5.6181,151.561,849.5792,11.98,2,0.0,0.0,0.0,0,172.118,38.7006,0.82,5,0.0,0.0,0.0,0,0.115,0.115,1.0,rails_s2_d0.50_v0.5_e010,2,20969d4257e2c6cafb45167f1c374f74ffa8eb7245d3ec03c4253c0dc3a78ce4,42,v0.5
rails,58,10,0.0385,0.0336,0.947,True,True,True,True,True,timeout,12.0001,5.4406,6.0,0.9068,0.5848,0.5848,0.2758,0.0879,0.041137,True,0.5016,0.258,0,0.0,,5.22,4.706,5.226,0.0773,0.0764,4.774,0.26485,5.6401,167.226,851.7419,11.96,2,0.0,0.0,0.0,0,115.554,40.3351,0.94,4,0.0,0.0,0.0,0,0.115,0.115,1.0,rails_s2_d0.50_v0.5_e010,2,20969d4257e2c6cafb45167f1c374f74ffa8eb7245d3ec03c4253c0dc3a78ce4,42,v0.5
rails,59,10,0.0007,-0.0436,-4.758,True,True,True,True,True,timeout,12.0001,5.5222,6.0,0.9204,0.3316,0.3347,0.1018,0.0848,0.040947,True,0.3827,0.7531,0,0.0,,5.927,7.008,7.1,0.0702,0.073,4.781,0.26721,5.3739,145.766,855.6707,11.96,2,0.0,0.0,0.0,0,198.647,47.2825,0.92,3,0.0,0.0,0.0,0,0.115,0.115,1.0,rails_s2_d0.50_v0.5_e010,2,20969d4257e2c6cafb45167f1c374f74ffa8eb7245d3ec03c4253c0dc3a78ce4,42,v0.5
star,60,10,-0.0844,0.0002,3.523,True,True,True,True,True,timeout,12.0001,5.6457,6.0,0.941,0.427,0.4316,0.2351,0.0763,0.041841,True,0.4594,0.8286,0,0.0,,6.857,7.7,11.497,0.0635,0.0681,4.573,0.22113,6.3616,136.133,846.4911,11.98,2,0.0,0.0,0.0,0,110.723,14.1716,0.26,2,0.0,0.0,0.0,0,0.105,0.105,1.0,star_s2_d0.50_v0.5_e010,2,20969d4257e2c6cafb45167f1c374f74ffa8eb7245d3ec03c4253c0dc3a78ce4,42,v0.5
star,61,10,-0.0319,0.0915,2.189,True,True,True,True,True,timeout,12.0001,5.7107,6.0,0.9518,0.3759,0.3796,0.2114,0.0757,0.041921,True,0.4654,0.8152,0,0.0,,7.694,7.623,11.193,0.0664,0.0651,4.565,0.22681,6.3485,168.654,853.2971,11.98,2,0.0,0.0,0.0,0,87.455,8.1464,0.16,1,0.0,0.0,0.0,0,0.105,0.105,1.0,star_s2_d0.50_v0.5_e010,2,20969d4257e2c6cafb45167f1c374f74ffa8eb7245d3ec03c4253c0dc3a78ce4,42,v0.5
star,62,10,0.0437,-0.0385,3.902,True,True,True,True,True,timeout,12.0001,5.6658,6.0,0.9443,0.4699,0.472,0.2558,0.0766,0.041765,True,0.4492,0.8176,0,0.0,,6.849,7.217,10.886,0.065,0.0676,4.543,0.22025,6.37,137.911,847.5519,11.98,2,0.0,0.0,0.0,0,93.207,10.4339,0.22,2,0.0,0.0,0.0,0,0.105,0.105,1.0,star_s2_d0.50_v0.5_e010,2,20969d4257e2c6cafb45167f1c374f74ffa8eb7245d3ec03c4253c0dc3a78ce4,42,v0.5
star,63,10,0.0992,-0.0329,3.443,True,True,True,True,True,timeout,12.0001,5.6602,6.0,0.9434,0.5296,0.5296,0.279,0.0785,0.041792,True,0.4536,0.7186,0,0.0,,6.744,7.647,11.165,0.0657,0.071,4.595,0.22438,6.6227,142.652,847.59,11.96,2,0.0,0.0,0.0,0,107.962,15.612,0.24,2,0.0,0.0,0.0,0,0.105,0.105,1.0,star_s2_d0.50_v0.5_e010,2,20969d4257e2c6cafb45167f1c374f74ffa8eb7245d3ec03c4253c0dc3a78ce4,42,v0.5
star,64,10,-0.0869,-0.0282,3.711,True,True,True,True,True,timeout,12.0001,5.6548,6.0,0.9425,0.4379,0.4414,0.245,0.0758,0.041925,True,0.4534,0.8444,0,0.0,,6.825,7.591,11.39,0.0639,0.0676,4.569,0.22189,6.7446,116.38,844.1982,11.96,2,0.0,0.0,0.0,0,97.325,13.1577,0.26,2,0.0,0.0,0.0,0,0.105,0.105,1.0,star_s2_d0.50_v0.5_e010,2,20969d4257e2c6cafb45167f1c374f74ffa8eb7245d3ec03c4253c0dc3a78ce4,42,v0.5
star,65,10,-0.098,-0.0298,3.924,True,True,True,True,True,timeout,12.0001,5.6492,6.0,0.9415,0.4383,0.4449,0.2482,0.0761,0.041831,True,0.4568,0.8121,0,0.0,,6.66,7.789,11.598,0.0646,0.0671,4.581,0.22128,6.5695,126.251,843.2802,11.96,2,0.0,0.0,0.0,0,117.56,14.3563,0.22,2,0.0,0.0,0.0,0,0.105,0.105,1.0,star_s2_d0.50_v0.5_e010,2,20969d4257e2c6cafb45167f1c374f74ffa8eb7245d3ec03c4253c0dc3a78ce4,42,v0.5
star,66,10,0.0832,0.028,-4.67,True,True,True,True,True,timeout,12.0001,5.4763,6.0,0.9127,0.5376,0.5376,0.2092,0.0786,0.042068,True,0.4737,0.833,0,0.0,,3.046,3.692,6.101,0.0624,0.0695,4.555,0.20117,8.8497,161.755,830.1019,11.96,2,0.0,0.0,0.0,0,0.0,0.0,0.0,0,0.0,0.0,0.0,0,0.105,0.0,0.0001,star_s2_d0.50_v0.5_e010,2,20969d4257e2c6cafb45167f1c374f74ffa8eb7245d3ec03c4253c0dc3a78ce4,42,v0.5
star,67,10,-0.0713,-0.0528,-3.028,True,True,True,True,True,timeout,12.0001,5.4662,6.0,0.911,0.6783,0.6783,0.19,0.0782,0.041862,True,0.4764,0.8402,0,0.0,,4.024,4.646,6.982,0.0617,0.0693,4.624,0.20411,9.1516,129.488,832.9673,11.98,2,0.0,0.0,0.0,0,0.0,0.0,0.0,0,0.0,0.0,0.0,0,0.105,0.0,0.0001,star_s2_d0.50_v0.5_e010,2,20969d4257e2c6cafb45167f1c374f74ffa8eb7245d3ec03c4253c0dc3a78ce4,42,v0.5
star,68,10,-0.0559,-0.0589,-4.454,True,True,True,True,True,timeout,12.0001,5.5771,6.0,0.9295,0.2806,0.2806,0.0582,0.0729,0.041652,True,0.5406,0.7127,0,0.0,,6.028,7.938,9.706,0.071,0.0559,4.753,0.23122,5.7629,145.456,864.7549,11.98,2,0.0,0.0,0.0,0,49.824,1.1627,0.04,1,0.0,0.0,0.0,0,0.105,0.105,1.0,star_s2_d0.50_v0.5_e010,2,20969d4257e2c6cafb45167f1c374f74ffa8eb7245d3ec03c4253c0dc3a78ce4,42,v0.5
star,69,10,0.0445,-0.0158,-1.534,True,True,True,True,True,timeout,12.0001,5.5107,6.0,0.9184,0.5303,0.5303,0.1915,0.0777,0.041963,True,0.4903,0.8356,0,0.0,,4.94,3.808,6.266,0.0614,0.0707,4.61,0.20274,9.0975,116.575,836.3239,11.96,2,0.0,0.0,0.0,0,0.0,0.0,0.0,0,0.0,0.0,0.0,0,0.105,0.0,0.0,star_s2_d0.50_v0.5_e010,2,20969d4257e2c6cafb45167f1c374f74ffa8eb7245d3ec03c4253c0dc3a78ce4,42,v0.5
floating_ring,70,10,0.0365,0.0963,4.293,True,True,True,True,True,timeout,12.0001,5.5256,6.0,0.9209,0.0864,0.1475,0.1227,0.087,0.041211,True,0.4436,0.5926,0,0.0,,7.119,15.501,20.273,0.0778,0.0689,4.706,0.25045,6.7163,162.265,848.9717,11.96,2,0.0,0.0,0.0,0,132.688,44.7507,0.94,2,0.0,0.0,0.0,0,0.225,0.225,1.0,floating_ring_s2_d0.50_v0.5_e010,2,20969d4257e2c6cafb45167f1c374f74ffa8eb7245d3ec03c4253c0dc3a78ce4,42,v0.5
floating_ring,71,10,0.0563,-0.071,-0.137,True,True,True,True,True,timeout,12.0001,5.4673,6.0,0.9112,0.2586,0.2627,0.0085,0.0878,0.041316,True,0.4746,0.6539,0,0.0,,7.224,15.023,20.817,0.0804,0.0661,4.691,0.25905,6.3188,133.883,849.0114,11.96,2,0.0,0.0,0.0,0,123.345,17.6516,0.36,5,0.0,0.0,0.0,0,0.225,0.225,1.0,floating_ring_s2_d0.50_v0.5_e010,2,20969d4257e2c6cafb45167f1c374f74ffa8eb7245d3ec03c4253c0dc3a78ce4,42,v0.5
floating_ring,72,10,0.0809,0.0255,-0.844,True,True,True,True,True,timeout,12.0001,5.4541,6.0,0.909,0.296,0.296,0.0189,0.0897,0.041038,True,0.4634,0.5333,0,0.0,,7.239,14.079,20.447,0.0834,0.0677,4.735,0.26442,6.85,137.412,851.4564,11.96,2,0.0,0.0,0.0,0,139.686,29.3879,0.58,9,0.0,0.0,0.0,0,0.225,0.225,1.0,floating_ring_s2_d0.50_v0.5_e010,2,20969d4257e2c6cafb45167f1c374f74ffa8eb7245d3ec03c4253c0dc3a78ce4,42,v0.5
floating_ring,73,10,-0.0449,-0.0292,3.607,True,True,True,True,True,timeout,12.0001,5.5982,6.0,0.933,0.2915,0.2932,0.1628,0.0831,0.041167,True,0.4677,0.7788,0,0.0,,7.599,15.768,20.565,0.0726,0.0684,4.703,0.24811,6.4525,140.014,848.7531,11.98,2,0.0,0.0,0.0,0,113.558,28.5107,0.56,4,0.0,0.0,0.0,0,0.225,0.225,1.0,floating_ring_s2_d0.50_v0.5_e010,2,20969d4257e2c6cafb45167f1c374f74ffa8eb7245d3ec03c4253c0dc3a78ce4,42,v0.5
floating_ring,74,10,0.0454,-0.0084,-0.664,True,True,True,True,True,timeout,12.0001,5.4688,6.0,0.9115,0.2301,0.2354,0.0051,0.0899,0.041216,True,0.48,0.6101,0,0.0,,7.034,13.779,19.887,0.0847,0.0662,4.678,0.25526,6.4893,147.71,847.0901,11.96,2,0.0,0.0,0.0,0,337.86,27.9597,0.5,5,0.0,0.0,0.0,0,0.225,0.225,1.0,floating_ring_s2_d0.50_v0.5_e010,2,20969d4257e2c6cafb45167f1c374f74ffa8eb7245d3ec03c4253c0dc3a78ce4,42,v0.5
floating_ring,75,10,-0.0614,0.0769,-0.659,True,True,True,True,True,timeout,12.0001,5.4411,6.0,0.9068,0.3801,0.3826,0.0755,0.0888,0.041026,True,0.4824,0.7811,0,0.0,,6.774,15.967,21.838,0.0835,0.0637,4.734,0.24063,6.6469,134.587,838.1076,11.96,2,0.0,0.0,0.0,0,84.804,14.9918,0.28,2,0.0,0.0,0.0,0,0.225,0.225,1.0,floating_ring_s2_d0.50_v0.5_e010,2,20969d4257e2c6cafb45167f1c374f74ffa8eb7245d3ec03c4253c0dc3a78ce4,42,v0.5
floating_ring,76,10,0.0616,0.0516,4.745,True,True,True,True,True,timeout,12.0001,5.3899,6.0,0.8983,0.3618,0.363,0.2708,0.093,0.040997,True,0.4472,0.4788,0,0.0,,7.474,15.299,20.202,0.0931,0.0655,4.687,0.25853,6.7558,145.464,846.9857,11.96,2,0.0,0.0,0.0,0,155.559,24.6265,0.56,7,0.0,0.0,0.0,0,0.225,0.225,1.0,floating_ring_s2_d0.50_v0.5_e010,2,20969d4257e2c6cafb45167f1c374f74ffa8eb7245d3ec03c4253c0dc3a78ce4,42,v0.5
floating_ring,77,10,0.0844,0.0091,4.47,True,True,True,True,True,timeout,12.0001,5.3624,6.0,0.8937,0.4502,0.4502,0.3211,0.0935,0.040762,True,0.4708,0.4467,0,0.0,,7.886,15.359,20.209,0.0931,0.067,4.681,0.25895,6.5138,156.946,845.1273,11.98,2,0.0,0.0,0.0,0,143.928,32.3329,0.7,7,0.0,0.0,0.0,0,0.225,0.225,1.0,floating_ring_s2_d0.50_v0.5_e010,2,20969d4257e2c6cafb45167f1c374f74ffa8eb7245d3ec03c4253c0dc3a78ce4,42,v0.5
floating_ring,78,10,0.0185,-0.0157,0.779,True,True,True,True,True,timeout,12.0001,5.3875,6.0,0.8979,0.1401,0.1738,0.0599,0.0934,0.041109,True,0.4628,0.6179,0,0.0,,7.264,15.638,21.005,0.0892,0.0659,4.676,0.24857,6.7439,189.601,844.0066,11.96,2,0.0,0.0,0.0,0,133.266,37.7565,0.72,5,0.0,0.0,0.0,0,0.225,0.225,1.0,floating_ring_s2_d0.50_v0.5_e010,2,20969d4257e2c6cafb45167f1c374f74ffa8eb7245d3ec03c4253c0dc3a78ce4,42,v0.5
floating_ring,79,10,-0.0707,0.0638,2.301,True,True,True,True,True,timeout,12.0001,5.4857,6.0,0.9143,0.0952,0.0996,0.039,0.087,0.04137,True,0.4736,0.8039,0,0.0,,6.708,16.803,21.603,0.084,0.0628,4.704,0.23582,6.7261,155.925,837.9274,11.96,2,0.0,0.0,0.0,0,82.626,27.9453,0.68,2,0.0,0.0,0.0,0,0.225,0.225,1.0,floating_ring_s2_d0.50_v0.5_e010,2,20969d4257e2c6cafb45167f1c374f74ffa8eb7245d3ec03c4253c0dc3a78ce4,42,v0.5
repeated_boxes,80,10,-0.0599,-0.0151,0.103,True,True,True,True,True,timeout,12.0001,5.4535,6.0,0.9089,0.4099,0.4124,0.1537,0.0787,0.042008,True,0.4724,0.7784,0,0.0,,3.02,8.406,10.994,0.065,0.0671,4.587,0.21658,6.9958,153.988,831.6336,11.96,2,0.0,0.0,0.0,0,87.097,21.7829,0.44,2,0.0,0.0,0.0,0,0.0839,0.0716,0.853,repeated_boxes_s2_d0.50_v0.5_e010,2,20969d4257e2c6cafb45167f1c374f74ffa8eb7245d3ec03c4253c0dc3a78ce4,42,v0.5
repeated_boxes,81,10,0.0692,-0.0603,1.847,True,True,True,True,True,timeout,12.0001,5.4437,6.0,0.9073,0.3099,0.3099,0.1117,0.0805,0.04186,True,0.4885,0.7988,0,0.0,,3.078,4.752,7.39,0.0652,0.0688,4.593,0.21811,6.7239,152.757,826.3824,11.96,2,0.0,0.0,0.0,0,71.477,15.6168,0.36,3,0.0,0.0,0.0,0,0.0834,0.0712,0.8546,repeated_boxes_s2_d0.50_v0.5_e010,2,20969d4257e2c6cafb45167f1c374f74ffa8eb7245d3ec03c4253c0dc3a78ce4,42,v0.5
repeated_boxes,82,10,0.0474,0.0359,-2.273,True,True,True,True,True,timeout,12.0001,5.4555,6.0,0.9093,0.3563,0.3563,0.1342,0.0787,0.041988,True,0.4884,0.8402,0,0.0,,3.063,5.457,7.94,0.0632,0.0677,4.579,0.21085,7.0035,144.307,827.3812,11.98,2,0.0,0.0,0.0,0,90.849,22.1728,0.48,2,0.0,0.0,0.0,0,0.0839,0.06,0.7151,repeated_boxes_s2_d0.50_v0.5_e010,2,20969d4257e2c6cafb45167f1c374f74ffa8eb7245d3ec03c4253c0dc3a78ce4,42,v0.5
repeated_boxes,83,10,-0.0699,0.0934,-4.422,True,True,True,True,True,timeout,12.0001,5.5001,6.0,0.9167,0.3282,0.3282,0.1465,0.0758,0.04208,True,0.4609,0.8503,0,0.0,,2.982,5.462,8.072,0.0616,0.0655,4.617,0.21456,7.8237,187.365,823.1866,11.96,2,0.0,0.0,0.0,0,0.0,0.0,0.0,0,0.0,0.0,0.0,0,0.0839,0.06,0.7156,repeated_boxes_s2_d0.50_v0.5_e010,2,20969d4257e2c6cafb45167f1c374f74ffa8eb7245d3ec03c4253c0dc3a78ce4,42,v0.5
repeated_boxes,84,10,-0.0652,-0.0954,1.593,True,True,True,True,True,timeout,12.0001,5.4499,6.0,0.9083,0.4197,0.4197,0.1512,0.0788,0.042044,True,0.4616,0.7919,0,0.0,,3.115,8.566,10.974,0.0649,0.0682,4.563,0.21521,7.1495,125.786,830.7693,11.96,2,0.0,0.0,0.0,0,82.675,23.9994,0.64,3,0.0,0.0,0.0,0,0.0831,0.0715,0.8607,repeated_boxes_s2_d0.50_v0.5_e010,2,20969d4257e2c6cafb45167f1c374f74ffa8eb7245d3ec03c4253c0dc3a78ce4,42,v0.5
repeated_boxes,85,10,0.0437,0.0142,4.778,True,True,True,True,True,timeout,12.0001,5.4732,6.0,0.9122,0.4913,0.4917,0.1887,0.0815,0.041715,True,0.4505,0.8351,0,0.0,,3.908,6.802,9.326,0.0633,0.0736,4.566,0.21342,5.8949,170.69,840.5817,11.96,2,0.0,0.0,0.0,0,49.176,4.043,0.14,2,0.0,0.0,0.0,0,0.0839,0.064,0.763,repeated_boxes_s2_d0.50_v0.5_e010,2,20969d4257e2c6cafb45167f1c374f74ffa8eb7245d3ec03c4253c0dc3a78ce4,42,v0.5
repeated_boxes,86,10,-0.0561,0.0194,-4.538,True,True,True,True,True,timeout,12.0001,5.4934,6.0,0.9156,0.254,0.254,0.1046,0.0759,0.041965,True,0.456,0.8371,0,0.0,,3.139,5.341,7.878,0.062,0.0652,4.635,0.21477,7.93,142.532,819.3379,11.98,2,0.0,0.0,0.0,0,0.0,0.0,0.0,0,0.0,0.0,0.0,0,0.0836,0.06,0.7174,repeated_boxes_s2_d0.50_v0.5_e010,2,20969d4257e2c6cafb45167f1c374f74ffa8eb7245d3ec03c4253c0dc3a78ce4,42,v0.5
repeated_boxes,87,10,-0.0128,-0.0252,-2.216,True,True,True,True,True,timeout,12.0001,5.4627,6.0,0.9105,0.3059,0.306,0.1425,0.0771,0.041967,True,0.461,0.7809,0,0.0,,2.599,7.749,10.227,0.0634,0.0656,4.649,0.21442,7.6084,163.659,819.3589,11.96,2,0.0,0.0,0.0,0,57.571,8.6278,0.22,1,0.0,0.0,0.0,0,0.0822,0.06,0.7297,repeated_boxes_s2_d0.50_v0.5_e010,2,20969d4257e2c6cafb45167f1c374f74ffa8eb7245d3ec03c4253c0dc3a78ce4,42,v0.5
repeated_boxes,88,10,-0.0835,0.0442,-1.538,True,True,True,True,True,timeout,12.0001,5.49,6.0,0.915,0.3773,0.3787,0.1307,0.0796,0.041878,True,0.4344,0.8449,0,0.0,,3.243,5.814,8.465,0.0627,0.0718,4.577,0.21602,7.1412,109.148,828.4007,11.98,2,0.0,0.0,0.0,0,28.027,1.4818,0.06,1,0.0,0.0,0.0,0,0.0838,0.0735,0.877,repeated_boxes_s2_d0.50_v0.5_e010,2,20969d4257e2c6cafb45167f1c374f74ffa8eb7245d3ec03c4253c0dc3a78ce4,42,v0.5
repeated_boxes,89,10,-0.0247,0.034,-3.385,True,True,True,True,True,timeout,12.0001,5.4538,6.0,0.909,0.2956,0.3027,0.126,0.078,0.041931,True,0.4819,0.7654,0,0.0,,2.755,7.635,10.088,0.0645,0.066,4.642,0.21337,7.41,145.561,821.857,11.96,2,0.0,0.0,0.0,0,56.242,8.7144,0.22,1,0.0,0.0,0.0,0,0.0835,0.06,0.7182,repeated_boxes_s2_d0.50_v0.5_e010,2,20969d4257e2c6cafb45167f1c374f74ffa8eb7245d3ec03c4253c0dc3a78ce4,42,v0.5
repeated_cylinders,90,10,-0.0187,0.0916,4.521,True,True,True,True,True,timeout,12.0001,5.4551,6.0,0.9092,0.3783,0.3783,0.1398,0.0795,0.041988,True,0.456,0.7956,0,0.0,,3.045,6.755,9.642,0.0644,0.0696,4.577,0.21689,6.6787,167.135,826.8968,11.96,2,0.0,0.0,0.0,0,82.43,12.6372,0.3,3,0.0,0.0,0.0,0,0.0672,0.0616,0.9167,repeated_cylinders_s2_d0.50_v0.5_e010,2,20969d4257e2c6cafb45167f1c374f74ffa8eb7245d3ec03c4253c0dc3a78ce4,42,v0.5
repeated_cylinders,91,10,0.0816,0.0605,3.565,True,True,True,True,True,timeout,12.0001,5.4693,6.0,0.9115,0.1073,0.1098,0.0516,0.0788,0.042011,True,0.4757,0.8203,0,0.0,,2.881,4.651,7.481,0.0642,0.0674,4.592,0.2164,7.2434,138.096,826.8129,11.96,2,0.0,0.0,0.0,0,27.136,1.8474,0.1,2,0.0,0.0,0.0,0,0.0672,0.06,0.8929,repeated_cylinders_s2_d0.50_v0.5_e010,2,20969d4257e2c6cafb45167f1c374f74ffa8eb7245d3ec03c4253c0dc3a78ce4,42,v0.5
repeated_cylinders,92,10,0.0812,0.082,-1.11,True,True,True,True,True,timeout,12.0001,5.4492,6.0,0.9082,0.3344,0.3383,0.1059,0.0791,0.041904,True,0.4651,0.7315,0,0.0,,3.093,5.002,7.99,0.0661,0.0669,4.58,0.21828,6.823,134.29,831.8432,11.96,2,0.0,0.0,0.0,0,94.634,24.0836,0.52,2,0.0,0.0,0.0,0,0.0671,0.0643,0.9586,repeated_cylinders_s2_d0.50_v0.5_e010,2,20969d4257e2c6cafb45167f1c374f74ffa8eb7245d3ec03c4253c0dc3a78ce4,42,v0.5
repeated_cylinders,93,10,-0.0106,0.0643,-2.196,True,True,True,True,True,timeout,12.0001,5.4068,6.0,0.9011,0.4905,0.4906,0.1523,0.0812,0.041889,True,0.4292,0.7751,0,0.0,,3.2,7.629,10.648,0.066,0.0698,4.58,0.21363,6.972,139.956,827.5023,11.96,2,0.0,0.0,0.0,0,66.827,18.143,0.52,2,0.0,0.0,0.0,0,0.0671,0.066,0.9836,repeated_cylinders_s2_d0.50_v0.5_e010,2,20969d4257e2c6cafb45167f1c374f74ffa8eb7245d3ec03c4253c0dc3a78ce4,42,v0.5
repeated_cylinders,94,10,-0.0272,-0.073,2.396,True,True,True,True,True,timeout,12.0001,5.468,6.0,0.9113,0.3627,0.3627,0.1328,0.0803,0.041845,True,0.4795,0.8004,0,0.0,,3.295,7.711,10.737,0.0638,0.0701,4.627,0.21424,6.9789,131.635,832.4626,11.98,2,0.0,0.0,0.0,0,59.624,10.0666,0.3,2,0.0,0.0,0.0,0,0.0671,0.06,0.8946,repeated_cylinders_s2_d0.50_v0.5_e010,2,20969d4257e2c6cafb45167f1c374f74ffa8eb7245d3ec03c4253c0dc3a78ce4,42,v0.5
repeated_cylinders,95,10,-0.0009,0.078,2.925,True,True,True,True,True,timeout,12.0001,5.4234,6.0,0.9039,0.4914,0.4933,0.1724,0.0812,0.041742,True,0.4834,0.7815,0,0.0,,3.198,7.054,10.081,0.0651,0.0714,4.6,0.21366,6.7516,144.531,828.6932,11.98,2,0.0,0.0,0.0,0,59.412,7.7481,0.22,2,0.0,0.0,0.0,0,0.0671,0.06,0.8937,repeated_cylinders_s2_d0.50_v0.5_e010,2,20969d4257e2c6cafb45167f1c374f74ffa8eb7245d3ec03c4253c0dc3a78ce4,42,v0.5
repeated_cylinders,96,10,0.0965,-0.0561,3.544,True,True,True,True,True,timeout,12.0001,5.4847,6.0,0.9141,0.2454,0.2508,0.099,0.0808,0.041862,True,0.4583,0.8127,0,0.0,,3.672,6.058,8.078,0.063,0.0706,4.655,0.21455,7.1521,134.536,833.6039,11.98,2,0.0,0.0,0.0,0,60.747,3.1541,0.1,2,0.0,0.0,0.0,0,0.0672,0.06,0.8925,repeated_cylinders_s2_d0.50_v0.5_e010,2,20969d4257e2c6cafb45167f1c374f74ffa8eb7245d3ec03c4253c0dc3a78ce4,42,v0.5
repeated_cylinders,97,10,0.0626,-0.0491,-4.099,True,True,True,True,True,timeout,12.0001,5.415,6.0,0.9025,0.2354,0.2354,0.0869,0.0817,0.041704,True,0.4795,0.5409,0,0.0,,3.162,4.616,7.363,0.0699,0.0674,4.684,0.22747,6.6867,174.95,829.1036,11.96,2,0.0,0.0,0.0,0,105.023,24.3504,0.6,4,0.0,0.0,0.0,0,0.0692,0.0632,0.9142,repeated_cylinders_s2_d0.50_v0.5_e010,2,20969d4257e2c6cafb45167f1c374f74ffa8eb7245d3ec03c4253c0dc3a78ce4,42,v0.5
repeated_cylinders,98,10,-0.0417,-0.078,2.248,True,True,True,True,True,timeout,12.0001,5.4818,6.0,0.9136,0.3155,0.3155,0.1123,0.0794,0.041993,True,0.4849,0.7841,0,0.0,,3.208,7.534,10.507,0.0641,0.0689,4.634,0.21686,6.8819,118.016,832.3761,11.96,2,0.0,0.0,0.0,0,53.527,10.5355,0.28,2,0.0,0.0,0.0,0,0.0672,0.0613,0.9123,repeated_cylinders_s2_d0.50_v0.5_e010,2,20969d4257e2c6cafb45167f1c374f74ffa8eb7245d3ec03c4253c0dc3a78ce4,42,v0.5
repeated_cylinders,99,10,0.0496,-0.0555,-4.262,True,True,True,True,True,timeout,12.0001,5.4609,6.0,0.9101,0.3512,0.3523,0.1148,0.0802,0.041764,True,0.4787,0.8138,0,0.0,,4.542,5.493,7.599,0.0647,0.0688,4.62,0.21903,6.7151,135.584,832.3817,11.98,2,0.0,0.0,0.0,0,81.549,17.8694,0.4,2,0.0,0.0,0.0,0,0.0691,0.063,0.9108,repeated_cylinders_s2_d0.50_v0.5_e010,2,20969d4257e2c6cafb45167f1c374f74ffa8eb7245d3ec03c4253c0dc3a78ce4,42,v0.5
